1087.71929824561403508771
984.12698412698412698412
892.08633093525179856115
821.19205298013245033112
756.09756097560975609756
704.54545454545454545454
659.57446808510638297872
616.91542288557213930348
582.15962441314553990610
548.67256637168141592920
521.00840336134453781512
496.00000000000000000000
471.48288973384030418250
450.90909090909090909090
430.55555555555555555555
413.33333333333333333333
397.43589743589743589743
381.53846153846153846153
367.95252225519287833827
354.28571428571428571428
342.54143646408839779005
331.55080213903743315508
320.41343669250645994832
310.77694235588972431077
300.97087378640776699029
292.45283018867924528301
284.40366972477064220183
276.16926503340757238307
268.98047722342733188720
261.60337552742616033755
255.14403292181069958847
248.99598393574297188755
242.66144814090019569471
237.09369024856596558317
231.34328358208955223880
226.27737226277372262773
221.42857142857142857142
216.40488656195462478184
211.96581196581196581196
207.35785953177257525083
203.27868852459016393442
199.35691318327974276527
195.27559055118110236220
191.65378670788253477588
187.87878787878787878787
