.22575393848462115528
.23152288072018004501
.23728432108027006751
.24305326331582895723
.24881470367591897974
.25458364591147786946
.26034508627156789197
.26611402850712678169
.27187546886721680420
.27764441110277569392
.28340585146286571642
.28917479369842460615
.29494373593398349587
.30070517629407351837
.30647411852963240810
.31223555888972243060
.31800450112528132033
.32376594148537134283
.32953488372093023255
.33529632408102025506
.34106526631657914478
.34682670667666916729
.35259564891222805701
.35836459114778694673
.36412603150787696924
.36989497374343585896
.37565641410352588147
.38142535633908477119
.38718679669917479369
.39295573893473368342
.39871717929482370592
.40448612153038259564
.41024756189047261815
.41601650412603150787
.42178544636159039759
.42754688672168042010
.43331582895723930982
.43907726931732933233
.44484621155288822205
.45060765191297824456
.45637659414853713428
.46213803450862715678
.46790697674418604651
.47366841710427606901
.47943735933983495873
.48520630157539384846
.49096774193548387096
.49673668417104276069
.50249812453113278319
.50826706676669167291
.51402850712678169542
.51979744936234058514
.52555888972243060765
.53132783195798949737
.53708927231807951987
.54285821455363840960
.54862715678919729932
.55438859714928732183
.56015753938484621155
.56591897974493623405
.57168792198049512378
.57744936234058514628
.58321830457614403600
.58897974493623405851
.59474868717179294823
.60051762940735183795
.60627906976744186046
.61204801200300075018
.61780945236309077269
.62357839459864966241
.62933983495873968492
.63510877719429857464
.64087021755438859714
.64663915978994748687
.65240060015003750937
.65816954238559639909
.66393848462115528882
.66969992498124531132
.67546886721680420105
.68123030757689422355
.68699924981245311327
.69276069017254313578
.69852963240810202550
.70429107276819204801
.71006001500375093773
.71582145536384096024
.72159039759939984996
.72735933983495873968
.73312078019504876219
.73888972243060765191
.74465116279069767441
.75042010502625656414
.75618154538634658664
.76195048762190547636
.76771192798199549887
.77348087021755438859
.77924231057764441110
.78501125281320330082
.79078019504876219054
.79654163540885221305
.80231057764441110277
.80807201800450112528
.81384096024006001500
.81960240060015003750
.82537134283570892723
.83113278319579894973
.83690172543135783945
.84266316579144786196
.84843210802700675168
.85420105026256564141
.85996249062265566391
.86573143285821455363
.87149287321830457614
.87726181545386346586
.88302325581395348837
.88879219804951237809
.89455363840960240060
.90032258064516129032
.90608402100525131282
.91185296324081020255
