0.300927	0.964
0.3016263636363636	0.9408691683387651
0.3023257272727273	0.9168788424432122
0.3030250909090909	0.8921758788658325
0.3037244545454545	0.8669071341591175
0.3044238181818182	0.8412194648755584
0.3051231818181818	0.815259727567647
0.3058225454545455	0.7891747787878743
0.3065219090909091	0.7631114750887319
0.3072212727272727	0.7372166730227112
0.3079206363636364	0.7116372291423034
0.30862	0.68652
0.309388	0.6596449382039218
0.310156	0.633698840839502
0.310924	0.6088761847278752
0.311692	0.5853714466901759
0.31246	0.5633791035475391
0.313228	0.5430936321210991
0.3139959999999999	0.5247095092319907
0.3147639999999999	0.5084212117013486
0.3155319999999999	0.4944232163503073
0.3163	0.48291
0.316999090909091	0.4747407366101473
0.3176981818181819	0.4688574142367128
0.3183972727272728	0.4653259428274866
0.3190963636363637	0.4642122323302591
0.3197954545454547	0.4655821926928204
0.3204945454545456	0.4695017338629607
0.3211936363636365	0.4760367657884703
0.3218927272727274	0.4852531984171394
0.3225918181818184	0.4972169416967582
0.3232909090909093	0.511993905575117
0.32399	0.52965
0.324758	0.5523366224879455
0.325526	0.5780222282042318
0.326294	0.606151563230902
0.327062	0.6361693736499999
0.32783	0.6675204055435686
0.3285979999999999	0.6996494049936518
0.3293659999999999	0.7320011180822926
0.3301339999999999	0.7640202908915347
0.3309019999999999	0.7951516695034213
0.33167	0.82484
0.3323690909090909	0.8502382666667498
0.3330681818181819	0.8741420935542259
0.3337672727272728	0.8967128337201605
0.3344663636363637	0.9181118402222859
0.3351654545454547	0.9385004661183342
0.3358645454545456	0.9580400644660374
0.3365636363636365	0.9768919883231278
0.3372627272727274	0.9952175907473377
0.3379618181818184	1.013178224796399
0.3386609090909093	1.030935243528045
0.33936	1.04865
0.340128	1.068212413011609
0.340896	1.087881267904136
0.341664	1.10761928122127
0.342432	1.1273891695067
0.3431999999999999	1.147153649304112
0.3439679999999999	1.166875437157195
0.3447359999999999	1.186517249609637
0.3455039999999999	1.206041803205126
0.3462719999999999	1.22541181448735
0.34704	1.24459
0.3477390909090909	1.261849810125435
0.3484381818181819	1.27889538619939
0.3491372727272728	1.295702334048846
0.3498363636363637	1.312246259500781
0.3505354545454546	1.328502768382175
0.3512345454545456	1.344447466520006
0.3519336363636365	1.360055959741255
0.3526327272727274	1.375303853872899
0.3533318181818184	1.39016675474192
0.3540309090909093	1.404620268175295
0.35473	1.41864
0.355498	1.433529055454558
0.356266	1.447931657769014
0.357034	1.461914305583025
0.357802	1.47554349753625
0.3585699999999999	1.488885732268349
0.3593379999999999	1.50200750841898
0.3601059999999999	1.514975324627802
0.3608739999999999	1.527855679534473
0.3616419999999999	1.540715071778652
0.36241	1.55362
0.3631090909090909	1.565450647896025
0.3638081818181819	1.577351932754843
0.3645072727272728	1.589301659668516
0.3652063636363637	1.601277633729105
0.3659054545454546	1.61325766002867
0.3666045454545456	1.625219543659274
0.3673036363636365	1.637141089712977
0.3680027272727274	1.64900010328184
0.3687018181818184	1.660774389457925
0.3694009090909093	1.672441753333292
0.3701	1.68398
0.370868	1.69648719654067
0.371636	1.708823693800149
0.372404	1.721001404297163
0.3731719999999999	1.733032240550433
0.3739399999999999	1.744928115078686
0.3747079999999999	1.756700940400643
0.3754759999999999	1.768362629035029
0.3762439999999999	1.779925093500568
0.3770119999999999	1.791400246315983
0.37778	1.8028
0.3784790909090909	1.813119318811757
0.3791781818181819	1.823382536114724
0.3798772727272728	1.833586155400138
0.3805763636363637	1.843726680159237
0.3812754545454546	1.853800613883257
0.3819745454545456	1.863804460063435
0.3826736363636365	1.873734722191008
0.3833727272727274	1.883587903757215
0.3840718181818183	1.893360508253291
0.3847709090909093	1.903049039170475
0.38547	1.91265
0.3861690909090909	1.922161929588606
0.3868681818181818	1.931591508205014
0.3875672727272728	1.940947451473443
0.3882663636363637	1.950238475018112
0.3889654545454546	1.959473294463242
0.3896645454545455	1.968660625433053
0.3903636363636365	1.977809183551763
0.3910627272727274	1.986927684443593
0.3917618181818183	1.996024843732764
0.3924609090909092	2.005109377043493
0.39316	2.01419
0.393928	2.024168942011363
0.394696	2.034149499123575
0.395464	2.044127487172871
0.396232	2.054098721995486
0.397	2.064059019427654
0.397768	2.07400419530561
0.3985359999999999	2.083930065465588
0.3993039999999999	2.093832445743823
0.4000719999999999	2.103707151976548
0.40084	2.11355
0.4015390909090909	2.12247909336693
0.4022381818181818	2.131378924444959
0.4029372727272728	2.14025009565138
0.4036363636363637	2.149093209403487
0.4043354545454546	2.157908868118572
0.4050345454545455	2.166697674213927
0.4057336363636365	2.175460230106845
0.4064327272727274	2.184197138214619
0.4071318181818183	2.192909000954541
0.4078309090909092	2.201596420743905
0.40853	2.21026
0.409298	2.219749152935986
0.410066	2.229201294150646
0.410834	2.238607456961478
0.411602	2.247958674685981
0.41237	2.257245980641653
0.4131379999999999	2.266460408145993
0.4139059999999999	2.275592990516499
0.4146739999999999	2.28463476107067
0.4154419999999999	2.293576753126003
0.41621	2.30241
0.416909090909091	2.310351822303193
0.4176081818181819	2.31820885600896
0.4183072727272728	2.325993848556837
0.4190063636363637	2.333719547386357
0.4197054545454547	2.341398699937058
0.4204045454545456	2.349044053648472
0.4211036363636365	2.356668355960137
0.4218027272727274	2.364284354311588
0.4225018181818184	2.371904796142358
0.4232009090909093	2.379542428891985
0.4239	2.38721
0.424668	2.395676160247744
0.425436	2.404169413018421
0.426204	2.412665335261953
0.426972	2.421139503928261
0.42774	2.429567495967267
0.4285079999999999	2.437924888328891
0.4292759999999999	2.446187257963055
0.4300439999999999	2.454330181819679
0.4308119999999999	2.462329236848687
0.43158	2.47016
0.4322790909090909	2.477127253377785
0.4329781818181819	2.48395256322947
0.4336772727272728	2.490653669596147
0.4343763636363637	2.497248312518903
0.4350754545454547	2.50375423203883
0.4357745454545456	2.510189168197017
0.4364736363636365	2.516570861034555
0.4371727272727274	2.522917050592532
0.4378718181818184	2.529245476912039
0.4385709090909093	2.535573880034166
0.43927	2.54192
0.440038	2.548929009377383
0.440806	2.555979199754189
0.441574	2.56306896080752
0.442342	2.570196682214476
0.4431099999999999	2.577360753652159
0.4438779999999999	2.584559564797669
0.4446459999999999	2.591791505328107
0.4454139999999999	2.599054964920574
0.4461819999999999	2.606348333252171
0.44695	2.61367
0.4476490909090909	2.620358388588358
0.4483481818181819	2.627070170333346
0.4490472727272728	2.633806624640499
0.4497463636363637	2.640569030915353
0.4504454545454546	2.647358668563444
0.4511445454545456	2.654176816990309
0.4518436363636365	2.661024755601483
0.4525427272727274	2.667903763802504
0.4532418181818184	2.674815120998907
0.4539409090909093	2.681760106596228
0.45464	2.68874
0.455408	2.696448778644923
0.456176	2.704197635714823
0.456944	2.711982976913256
0.457712	2.719801207943779
0.4584799999999999	2.727648734509948
0.4592479999999999	2.735521962315323
0.4600159999999999	2.743417297063458
0.4607839999999999	2.751331144457911
0.4615519999999999	2.759259910202239
0.46232	2.7672
0.4630190909090909	2.77443381877222
0.4637181818181819	2.781667386626285
0.4644172727272728	2.788894047768281
0.4651163636363637	2.796107146404294
0.4658154545454546	2.803300026740407
0.4665145454545456	2.810466032982708
0.4672136363636365	2.81759850933728
0.4679127272727274	2.82469080001021
0.4686118181818184	2.831736249207584
0.4693109090909093	2.838728201135486
0.47001	2.84566
0.4707090909090909	2.852527164215881
0.4714081818181818	2.859333909032537
0.4721072727272728	2.866086623908046
0.4728063636363637	2.872791698300484
0.4735054545454546	2.879455521667928
0.4742045454545455	2.886084483468454
0.4749036363636365	2.89268497316014
0.4756027272727274	2.89926338020106
0.4763018181818183	2.905826094049293
0.4770009090909093	2.912379504162915
0.4777	2.91893
0.478468	2.926128942562102
0.479236	2.933331666089342
0.480004	2.940537757506286
0.480772	2.947746803737497
0.48154	2.954958391707541
0.482308	2.962172108340981
0.4830759999999999	2.969387540562383
0.4838439999999999	2.97660427529631
0.4846119999999999	2.983821899467328
0.48538	2.99104
0.4860790909090909	2.997610444320577
0.4867781818181818	3.004180178481614
0.4874772727272728	3.010748439884615
0.4881763636363637	3.017314465931086
0.4888754545454546	3.023877494022533
0.4895745454545455	3.030436761560461
0.4902736363636365	3.036991505946375
0.4909727272727274	3.043540964581781
0.4916718181818183	3.050084374868183
0.4923709090909092	3.056620974207088
0.49307	3.06315
0.493838	3.07031316104304
0.494606	3.07746651073668
0.495374	3.084610298250025
0.496142	3.09174477275218
0.49691	3.09887018341225
0.497678	3.105986779399339
0.4984459999999999	3.113094809882554
0.4992139999999999	3.120194524030999
0.4999819999999999	3.127286171013779
0.50075	3.13437
0.501449090909091	3.140811744464718
0.5021481818181819	3.147248016240844
0.5028472727272728	3.153679614169351
0.5035463636363637	3.160107337091213
0.5042454545454547	3.166531983847404
0.5049445454545456	3.172954353278899
0.5056436363636365	3.17937524422667
0.5063427272727274	3.185795455531692
0.5070418181818184	3.192215786034939
0.5077409090909093	3.198637034577384
0.50844	3.20506
0.509208	3.212118803102054
0.509976	3.219180492884638
0.510744	3.226244919917383
0.511512	3.233311934769918
0.51228	3.240381388011873
0.5130479999999999	3.247453130212879
0.5138159999999999	3.254527011942564
0.5145839999999999	3.26160288377056
0.5153519999999999	3.268680596266495
0.51612	3.27576
0.516819090909091	3.28220578901191
0.5175181818181819	3.288654201274631
0.5182172727272728	3.295106582497706
0.5189163636363637	3.301564278390674
0.5196154545454547	3.30802863466308
0.5203145454545456	3.314500997024463
0.5210136363636365	3.320982711184365
0.5217127272727274	3.327475122852328
0.5224118181818184	3.333979577737895
0.5231109090909093	3.340497421550606
0.52381	3.34703
0.524578	3.354224200410313
0.525346	3.361434320782101
0.526114	3.368656874428952
0.526882	3.375888374664452
0.52765	3.383125334802189
0.5284179999999999	3.390364268155751
0.5291859999999999	3.397601688038726
0.5299539999999999	3.404834107764701
0.5307219999999999	3.412058040647262
0.53149	3.41927
0.5321890909090909	3.425822614346578
0.5328881818181819	3.432366399316677
0.5335872727272728	3.43890533586723
0.5342863636363637	3.445443404955171
0.5349854545454547	3.451984587537432
0.5356845454545456	3.458532864570947
0.5363836363636365	3.46509221701265
0.5370827272727274	3.471666625819474
0.5377818181818184	3.478260071948351
0.5384809090909093	3.484876536356216
0.53918	3.49152
0.539948	3.498850513980927
0.540716	3.506201764280932
0.541484	3.513557098615282
0.542252	3.520899864699247
0.5430199999999999	3.528213410248095
0.5437879999999999	3.535481082977096
0.5445559999999999	3.542686230601518
0.5453239999999999	3.54981220083663
0.5460919999999999	3.5568423413977
0.54686	3.56376
0.5475590909090909	3.569948803268825
0.5482581818181819	3.576040097727805
0.5489572727272728	3.582043375186541
0.5496563636363637	3.587968127454638
0.5503554545454546	3.593823846341695
0.5510545454545456	3.599620023657319
0.5517536363636365	3.605366151211109
0.5524527272727274	3.61107172081267
0.5531518181818184	3.616746224271604
0.5538509090909093	3.622399153397514
0.55455	3.62804
0.5552490909090909	3.633676763384065
0.5559481818181818	3.63931147283629
0.5566472727272728	3.644944665138654
0.5573463636363637	3.650576877073135
0.5580454545454546	3.656208645421712
0.5587445454545455	3.661840506966364
0.5594436363636365	3.66747299848907
0.5601427272727274	3.673106656771808
0.5608418181818183	3.678742018596556
0.5615409090909093	3.684379620745295
0.56224	3.69002
0.563008	3.69621987001569
0.5637759999999999	3.70242253533897
0.5645439999999999	3.708626791894853
0.5653119999999999	3.714831435608351
0.5660799999999999	3.721035262404478
0.5668479999999999	3.727237068208247
0.5676159999999999	3.73343564894467
0.5683839999999999	3.739629800538761
0.5691519999999999	3.745818318915533
0.56992	3.752
0.5706190909090909	3.757620604840664
0.5713181818181818	3.76323686395046
0.5720172727272728	3.768851094674542
0.5727163636363637	3.774465614358064
0.5734154545454546	3.780082740346181
0.5741145454545455	3.785704789984046
0.5748136363636365	3.791334080616814
0.5755127272727274	3.796972929589639
0.5762118181818183	3.802623654247676
0.5769109090909093	3.808288571936079
0.57761	3.81397
0.5783779999999999	3.82023288291056
0.5791459999999999	3.82651944976406
0.5799139999999999	3.832830662172684
0.5806819999999999	3.839167481748616
0.5814499999999999	3.84553087010404
0.5822179999999999	3.851921788851142
0.5829859999999999	3.858341199602104
0.5837539999999999	3.864790063969112
0.5845219999999999	3.871269343564349
0.58529	3.87778
0.5859890909090909	3.883733987789371
0.5866881818181818	3.889711963826966
0.5873872727272728	3.895711120722875
0.5880863636363637	3.901728651087184
0.5887854545454546	3.907761747529984
0.5894845454545455	3.913807602661361
0.5901836363636365	3.919863409091404
0.5908827272727274	3.925926359430202
0.5915818181818183	3.931993646287842
0.5922809090909092	3.938062462274412
0.59298	3.94413
0.5937479999999999	3.950791374472061
0.5945159999999999	3.957447564463179
0.5952839999999999	3.964098316281036
0.5960519999999999	3.970743376233313
0.5968199999999999	3.977382490627693
0.5975879999999999	3.984015405771857
0.5983559999999999	3.990641867973488
0.5991239999999999	3.997261623540268
0.5998919999999999	4.003874418779877
0.60066	4.01048
0.6013590909090909	4.016486904163999
0.6020581818181818	4.022490413220027
0.6027572727272728	4.02849331980526
0.6034563636363637	4.034498416556877
0.6041554545454546	4.04050849611206
0.6048545454545455	4.046526351107985
0.6055536363636365	4.05255477418183
0.6062527272727274	4.058596557970777
0.6069518181818183	4.064654495112001
0.6076509090909092	4.070731378242684
0.6083499999999999	4.07683
0.6091179999999999	4.083555268939332
0.6098859999999999	4.090296598438142
0.6106539999999999	4.097040443375016
0.6114219999999999	4.103773258628538
0.6121899999999999	4.110481499077292
0.6129579999999999	4.117151619599862
0.6137259999999999	4.123770075074834
0.6144939999999999	4.130323320380791
0.6152619999999999	4.136797810396318
0.61603	4.14318
0.6167290909090909	4.148901135657018
0.6174281818181818	4.154543936833587
0.6181272727272727	4.160117772646057
0.6188263636363637	4.165632012210775
0.6195254545454546	4.171096024644089
0.6202245454545455	4.176519179062348
0.6209236363636365	4.1819108445819
0.6216227272727274	4.187280390319093
0.6223218181818183	4.192637185390275
0.6230209090909092	4.197990598911796
0.6237200000000001	4.20335
0.624488	4.209253250742244
0.625256	4.215172571105882
0.626024	4.221105497421036
0.626792	4.227049566017833
0.62756	4.233002313226393
0.628328	4.238961275376843
0.629096	4.244923988799305
0.629864	4.250887989823902
0.630632	4.256850814780759
0.6314	4.26281
0.6320990909090909	4.268229654693239
0.6327981818181818	4.273644806417025
0.6334972727272727	4.279056009484655
0.6341963636363637	4.28446381820943
0.6348954545454546	4.289868786904647
0.6355945454545455	4.295271469883606
0.6362936363636365	4.300672421459606
0.6369927272727274	4.306072195945948
0.6376918181818183	4.311471347655927
0.6383909090909092	4.316870430902846
0.63909	4.32227
0.639789090909091	4.32767051470037
0.6404881818181819	4.333072056515646
0.6411872727272728	4.338474612397198
0.6418863636363638	4.343878169296398
0.6425854545454547	4.349282714164615
0.6432845454545456	4.354688233953219
0.6439836363636365	4.36009471561358
0.6446827272727275	4.365502146097069
0.6453818181818184	4.370910512355056
0.6460809090909093	4.37631980133891
0.64678	4.38173
0.647548	4.38767448171525
0.648316	4.393619842430164
0.649084	4.399565879043599
0.649852	4.405512388454408
0.65062	4.411459167561447
0.651388	4.41740601326357
0.652156	4.423352722459632
0.6529239999999999	4.429299092048487
0.6536919999999999	4.435244918928992
0.65446	4.44119
0.655159090909091	4.446600947684519
0.6558581818181819	4.452011621920737
0.6565572727272728	4.457422535527606
0.6572563636363637	4.462834201324076
0.6579554545454547	4.468247132129098
0.6586545454545456	4.473661840761619
0.6593536363636365	4.479078840040592
0.6600527272727275	4.484498642784967
0.6607518181818184	4.489921761813694
0.6614509090909093	4.495348709945722
0.66215	4.50078
0.662918	4.506751997034022
0.663686	4.512728921982967
0.664454	4.518709843792573
0.665222	4.524693831408571
0.66599	4.5306799537767
0.666758	4.536667279842692
0.667526	4.542654878552282
0.6682939999999999	4.548641818851207
0.6690619999999999	4.554627169685201
0.66983	4.56061
0.670529090909091	4.566053235972147
0.6712281818181819	4.571494074256564
0.6719272727272728	4.576932977138896
0.6726263636363637	4.582370406904789
0.6733254545454547	4.587806825839889
0.6740245454545456	4.593242696229842
0.6747236363636365	4.598678480360293
0.6754227272727275	4.604114640516889
0.6761218181818184	4.609551638985275
0.6768209090909093	4.614989938051098
0.67752	4.62043
0.678288	4.626408688343895
0.679056	4.63238959105936
0.679824	4.638372237061732
0.680592	4.644356155266345
0.68136	4.650340874588538
0.682128	4.656325923943649
0.6828959999999999	4.662310832247013
0.6836639999999999	4.668295128413968
0.6844319999999999	4.674278341359851
0.6852	4.68026
0.685899090909091	4.685703289931401
0.6865981818181819	4.691145065778452
0.6872972727272728	4.696585491695053
0.6879963636363637	4.70202473183511
0.6886954545454547	4.707462950352522
0.6893945454545456	4.712900311401191
0.6900936363636365	4.718336979135023
0.6907927272727274	4.723773117707917
0.6914918181818184	4.729208891273776
0.6921909090909093	4.734644463986504
0.69289	4.74008
0.693658	4.746051530093474
0.694426	4.752023806595334
0.695194	4.757997422094647
0.695962	4.763972969180477
0.69673	4.769951040441891
0.697498	4.775932228467954
0.6982659999999999	4.78191712584773
0.6990339999999999	4.787906325170287
0.6998019999999999	4.793900419024688
0.70057	4.7999
0.701269090909091	4.805366516300304
0.7019681818181819	4.810838394111746
0.7026672727272728	4.816315957298473
0.7033663636363637	4.821799529724629
0.7040654545454547	4.827289435254361
0.7047645454545456	4.832785997751815
0.7054636363636365	4.838289541081135
0.7061627272727274	4.843800389106469
0.7068618181818184	4.84931886569196
0.7075609090909093	4.854845294701756
0.70826	4.86038
0.709028	4.866469874837006
0.709796	4.872568699663069
0.710564	4.878675045329209
0.711332	4.884787482686447
0.7121	4.8909045825858
0.7128679999999999	4.89702491587829
0.7136359999999999	4.903147053414935
0.7144039999999999	4.909269566046755
0.7151719999999999	4.91539102462477
0.71594	4.92151
0.7166390909090909	4.92707681879059
0.7173381818181819	4.932640728947345
0.7180372727272728	4.938202063610653
0.7187363636363637	4.943761155920908
0.7194354545454547	4.949318339018498
0.7201345454545456	4.954873946043816
0.7208336363636365	4.960428310137252
0.7215327272727274	4.965981764439197
0.7222318181818184	4.971534642090044
0.7229309090909093	4.977087276230182
0.72363	4.98264
0.7243290909090909	4.988193115619398
0.7250281818181818	4.993746801626291
0.7257272727272728	4.999301205638099
0.7264263636363637	5.004856475272243
0.7271254545454546	5.010412758146144
0.7278245454545456	5.015970201877222
0.7285236363636365	5.021528954082898
0.7292227272727274	5.027089162380594
0.7299218181818183	5.032650974387729
0.7306209090909093	5.038214537721724
0.73132	5.04378
0.732088	5.049896234634256
0.732856	5.056014069523478
0.7336239999999999	5.062132635019198
0.7343919999999999	5.06825106147295
0.7351599999999999	5.074368479236267
0.7359279999999999	5.080484018660684
0.7366959999999999	5.086596810097731
0.7374639999999999	5.092705983898944
0.7382319999999999	5.098810670415856
0.739	5.10491
0.7396990909090909	5.110457083127672
0.7403981818181818	5.116000806226948
0.7410972727272728	5.121542968613933
0.7417963636363637	5.127085369604733
0.7424954545454546	5.132629808515452
0.7431945454545456	5.138178084662198
0.7438936363636365	5.143731997361074
0.7445927272727274	5.149293345928188
0.7452918181818183	5.154863929679643
0.7459909090909093	5.160445547931546
0.74669	5.16604
0.747458	5.172201154120248
0.7482259999999999	5.178372294102888
0.7489939999999999	5.184545745739501
0.7497619999999999	5.190713834821669
0.7505299999999999	5.196868887140977
0.7512979999999999	5.203003228489006
0.7520659999999999	5.209109184657341
0.7528339999999999	5.215179081437562
0.7536019999999999	5.221205244621254
0.75437	5.22718
0.7550690909090909	5.232569237789358
0.7557681818181818	5.237914160813458
0.7564672727272728	5.243219409656579
0.7571663636363637	5.248489624903002
0.7578654545454546	5.253729447137009
0.7585645454545455	5.258943516942879
0.7592636363636365	5.264136474904894
0.7599627272727274	5.269312961607332
0.7606618181818183	5.274477617634476
0.7613609090909093	5.279635083570605
0.76206	5.28479
0.762828	5.290454515559182
0.7635959999999999	5.296121077662129
0.7643639999999999	5.301789209224994
0.7651319999999999	5.307458433163937
0.7658999999999999	5.313128272395114
0.7666679999999999	5.318798249834682
0.7674359999999999	5.324467888398797
0.7682039999999999	5.330136711003617
0.7689719999999999	5.335804240565299
0.76974	5.34147
0.7704390909090909	5.346625569493813
0.7711381818181818	5.351779600347597
0.7718372727272728	5.356932415959957
0.7725363636363637	5.362084339729495
0.7732354545454546	5.367235695054815
0.7739345454545455	5.372386805334522
0.7746336363636365	5.377537993967221
0.7753327272727274	5.382689584351514
0.7760318181818183	5.387841899886006
0.7767309090909092	5.392995263969301
0.77743	5.39815
0.7781979999999999	5.403814671799327
0.7789659999999999	5.409481033334681
0.7797339999999999	5.41514872830511
0.7805019999999999	5.420817400409658
0.7812699999999999	5.42648669334737
0.7820379999999999	5.432156250817293
0.7828059999999999	5.437825716518472
0.7835739999999999	5.443494734149953
0.7843419999999999	5.449162947410779
0.78511	5.45483
0.7858090909090909	5.459987323364574
0.7865081818181818	5.465143474202088
0.7872072727272728	5.47029853694877
0.7879063636363637	5.475452596040852
0.7886054545454546	5.480605735914565
0.7893045454545455	5.485758041006139
0.7900036363636365	5.490909595751805
0.7907027272727274	5.496060484587794
0.7914018181818183	5.501210791950336
0.7921009090909092	5.506360602275661
0.7927999999999999	5.51151
0.7934990909090909	5.516659099392745
0.7941981818181818	5.521808134055924
0.7948972727272727	5.526957367424723
0.7955963636363637	5.532107062934331
0.7962954545454546	5.537257484019935
0.7969945454545455	5.542408894116724
0.7976936363636364	5.547561556659883
0.7983927272727274	5.552715735084604
0.7990918181818183	5.557871692826072
0.7997909090909092	5.563029693319475
0.80049	5.56819
0.801258	5.573861701448028
0.802026	5.579535494562329
0.802794	5.585210369847383
0.803562	5.590885317807668
0.80433	5.596559328947662
0.805098	5.602231393771842
0.805866	5.607900502784688
0.806634	5.613565646490678
0.807402	5.619225815394289
0.8081700000000001	5.62488
0.808869090909091	5.630021270175204
0.8095681818181819	5.63515876691296
0.8102672727272728	5.640294511832252
0.8109663636363638	5.645430526552064
0.8116654545454547	5.650568832691381
0.8123645454545456	5.655711451869188
0.8130636363636365	5.660860405704467
0.8137627272727275	5.666017715816204
0.8144618181818184	5.671185403823382
0.8151609090909093	5.676365491344987
0.81586	5.68156
0.816628	5.687285988650897
0.817396	5.693037076670555
0.818164	5.698818519408111
0.818932	5.704635572212709
0.8197	5.710493490433487
0.820468	5.716397529419586
0.821236	5.722352944520146
0.822004	5.728364991084308
0.8227719999999999	5.734438924461212
0.82354	5.74058
0.824239090909091	5.746231083238399
0.8249381818181819	5.751935376469188
0.8256372727272728	5.757686101115373
0.8263363636363638	5.763476478599962
0.8270354545454547	5.769299730345963
0.8277345454545456	5.775149077776381
0.8284336363636365	5.781017742314225
0.8291327272727275	5.786898945382501
0.8298318181818184	5.792785908404218
0.8305309090909093	5.798671852802382
0.83123	5.80455
0.831998	5.810992334746323
0.832766	5.817419128585725
0.833534	5.823832431462776
0.834302	5.830234293322043
0.83507	5.836626764108095
0.835838	5.843011893765499
0.836606	5.849391732238823
0.837374	5.855768329472635
0.8381419999999999	5.862143735411506
0.83891	5.86852
0.839609090909091	5.874326345163418
0.8403081818181819	5.880134953341549
0.8410072727272728	5.885945677488293
0.8417063636363638	5.891758370557546
0.8424054545454547	5.897572885503206
0.8431045454545456	5.903389075279173
0.8438036363636365	5.909206792839342
0.8445027272727275	5.915025891137611
0.8452018181818184	5.920846223127879
0.8459009090909093	5.926667641764043
0.8466	5.93249
0.847368	5.938887160995177
0.848136	5.94528500786759
0.848904	5.951683269997013
0.849672	5.958081676763216
0.85044	5.96447995754597
0.851208	5.970877841725047
0.851976	5.977275058680217
0.8527439999999999	5.983671337791251
0.8535119999999999	5.990066408437921
0.85428	5.99646
0.854979090909091	6.002278486652008
0.8556781818181819	6.008095779799323
0.8563772727272728	6.013912135742465
0.8570763636363637	6.019727810781956
0.8577754545454547	6.025543061218318
0.8584745454545456	6.031358143352073
0.8591736363636365	6.037173313483743
0.8598727272727275	6.042988827913849
0.8605718181818184	6.048804942942913
0.8612709090909093	6.054621914871457
0.86197	6.06044
0.862738	6.066833067590331
0.863506	6.073227575536661
0.864274	6.079623311406297
0.865042	6.086020062766544
0.86581	6.092417617184709
0.866578	6.098815762228097
0.867346	6.105214285464014
0.8681139999999999	6.111612974459766
0.8688819999999999	6.11801161678266
0.86965	6.12441
0.870349090909091	6.130233854396396
0.8710481818181819	6.13605699576284
0.8717472727272728	6.141879101785922
0.8724463636363637	6.147699850152229
0.8731454545454547	6.153518918548347
0.8738445454545456	6.159335984660864
0.8745436363636365	6.165150726176369
0.8752427272727274	6.170962820781448
0.8759418181818184	6.176771946162687
0.8766409090909093	6.182577780006676
0.87734	6.18838
0.8780390909090909	6.194178641662348
0.8787381818181819	6.199975171845794
0.8794372727272728	6.205771415235512
0.8801363636363637	6.211569196516677
0.8808354545454546	6.217370340374464
0.8815345454545456	6.223176671494047
0.8822336363636365	6.2289900145606
0.8829327272727274	6.234812194259297
0.8836318181818184	6.240645035275314
0.8843309090909093	6.246490362293824
0.88503	6.25235
0.885798	6.258803313895166
0.886566	6.265263074019986
0.887334	6.271716253547075
0.8881019999999999	6.278149825649051
0.8888699999999999	6.284550763498529
0.8896379999999999	6.290906040268124
0.8904059999999999	6.297202629130452
0.8911739999999999	6.30342750325813
0.8919419999999999	6.309567635823774
0.89271	6.31561
0.8934090909090909	6.321017641853946
0.8941081818181819	6.326344184300821
0.8948072727272728	6.331600332837566
0.8955063636363637	6.336796792961126
0.8962054545454546	6.34194427016844
0.8969045454545456	6.347053469956455
0.8976036363636365	6.35213509782211
0.8983027272727274	6.35719985926235
0.8990018181818183	6.362258459774117
0.8997009090909093	6.367321604854353
0.9004	6.3724
0.901168	6.378006240647964
0.901936	6.383639672482976
0.902704	6.389296162089229
0.9034719999999999	6.394971576050917
0.9042399999999999	6.400661780952233
0.9050079999999999	6.40636264337737
0.9057759999999999	6.412070029910522
0.9065439999999999	6.417779807135881
0.9073119999999999	6.423487841637643
0.90808	6.42919
0.9087790909090909	6.434372634143037
0.9094781818181819	6.439548052505328
0.9101772727272728	6.444717333222435
0.9108763636363637	6.449881554429918
0.9115754545454546	6.455041794263339
0.9122745454545456	6.46019913085826
0.9129736363636365	6.465354642350241
0.9136727272727274	6.470509406874844
0.9143718181818183	6.475664502567631
0.9150709090909093	6.480821007564163
0.91577	6.48598
0.916538	6.491651306898526
0.917306	6.497326209596332
0.9180739999999999	6.503004000760479
0.9188419999999999	6.508683973058025
0.9196099999999999	6.514365419156028
0.9203779999999999	6.52004763172155
0.9211459999999999	6.525729903421648
0.9219139999999999	6.531411526923383
0.9226819999999999	6.537091794893813
0.92345	6.54277
0.9241490909090909	6.547936489093309
0.9248481818181818	6.553101068556785
0.9255472727272728	6.558264124145667
0.9262463636363637	6.563426041615194
0.9269454545454546	6.568587206720604
0.9276445454545456	6.573748005217136
0.9283436363636365	6.578908822860031
0.9290427272727274	6.584070045404525
0.9297418181818183	6.58923205860586
0.9304409090909093	6.594395248219272
0.93114	6.59956
0.931908	6.605235937984115
0.9326759999999999	6.610913771261512
0.9334439999999999	6.616593044265204
0.9342119999999999	6.622273301428198
0.9349799999999999	6.627954087183502
0.9357479999999999	6.633634945964126
0.9365159999999999	6.639315422203079
0.9372839999999999	6.64499506033337
0.9380519999999999	6.650673404788007
0.93882	6.65635
0.9395190909090909	6.661515466026013
0.9402181818181818	6.666679424935602
0.9409172727272728	6.671842196517356
0.9416163636363637	6.677004100559864
0.9423154545454546	6.682165456851714
0.9430145454545455	6.687326585181497
0.9437136363636365	6.692487805337801
0.9444127272727274	6.697649437109214
0.9451118181818183	6.702811800284326
0.9458109090909093	6.707975214651725
0.94651	6.71314
0.947278	6.718815706955303
0.9480459999999999	6.724493097499076
0.9488139999999999	6.730171814706035
0.9495819999999999	6.735851501650895
0.9503499999999999	6.741531801408371
0.9511179999999999	6.747212357053177
0.9518859999999999	6.752892811660027
0.9526539999999999	6.758572808303637
0.9534219999999999	6.764251990058724
0.95419	6.76993
0.9548890909090909	6.775097288128396
0.9555881818181818	6.78026339817923
0.9562872727272728	6.785428418787976
0.9569863636363637	6.790592438590112
0.9576854545454546	6.795755546221113
0.9583845454545455	6.800917830316458
0.9590836363636365	6.806079379511623
0.9597827272727274	6.811240282442082
0.9604818181818183	6.816400627743314
0.9611809090909093	6.821560504050795
0.96188	6.82672
0.9625790909090909	6.831879230746663
0.9632781818181818	6.83703841752753
0.9639772727272727	6.842197808099606
0.9646763636363637	6.847357650219892
0.9653754545454546	6.85251819164539
0.9660745454545455	6.857679680133105
0.9667736363636364	6.862842363440036
0.9674727272727274	6.868006489323189
0.9681718181818183	6.873172305539566
0.9688709090909092	6.878340059846169
0.96957	6.88351
0.970338	6.889192133665261
0.971106	6.894876213417002
0.971874	6.900561248334023
0.972642	6.906246247495121
0.97341	6.911930219979093
0.974178	6.917612174864738
0.974946	6.923291121230853
0.975714	6.928966068156236
0.976482	6.934636024719686
0.97725	6.9403
0.9779490909090909	6.945450446869975
0.9786481818181818	6.950598629429752
0.9793472727272727	6.955748060536854
0.9800463636363637	6.960902253048801
0.9807454545454546	6.966064719823119
0.9814445454545455	6.971238973717326
0.9821436363636364	6.976428527588946
0.9828427272727274	6.981636894295502
0.9835418181818183	6.986867586694515
0.9842409090909092	6.992124117643507
0.98494	6.99741
0.985708	7.003253283067414
0.986476	7.009131030728986
0.987244	7.015038045172956
0.988012	7.020969128587563
0.98878	7.026919083161047
0.989548	7.032882711081647
0.990316	7.038854814537603
0.991084	7.044830195717155
0.991852	7.05080365680854
0.9926199999999999	7.05677
0.9933190909090909	7.062191308945087
0.9940181818181818	7.067603717026762
0.9947172727272727	7.073008528178916
0.9954163636363637	7.078407046335437
0.9961154545454546	7.083800575430213
0.9968145454545455	7.089190419397132
0.9975136363636364	7.094577882170086
0.9982127272727274	7.09996426768296
0.9989118181818183	7.105350879869645
0.9996109090909092	7.110739022664029
1.00031	7.11613
1.001078	7.122056761678433
1.001846	7.127987715648045
1.002614	7.133922059659777
1.003382	7.139858991464565
1.00415	7.145797708813348
1.004918	7.151737409457062
1.005685999999999	7.157677291146646
1.006453999999999	7.163616551633037
1.007221999999999	7.169554388667174
1.00799	7.17549
1.008689090909091	7.180890594736746
1.009388181818182	7.186289096198968
1.010087272727273	7.191685920071484
1.010786363636364	7.197081482039105
1.011485454545455	7.202476197786652
1.012184545454546	7.207870482998937
1.012883636363636	7.213264753360777
1.013582727272727	7.218659424556988
1.014281818181818	7.224054912272384
1.014980909090909	7.229451632191784
1.01568	7.23485
1.016448	7.240782705281901
1.017216	7.246717421468682
1.017984	7.252653669030853
1.018752	7.258590968438929
1.01952	7.26452884016342
1.020288000000001	7.270466804674837
1.021056000000001	7.276404382443693
1.021824000000001	7.282341093940499
1.022592000000001	7.288276459635766
1.02336	7.29421
1.024059090909091	7.299609275337618
1.024758181818182	7.305006972734803
1.025457272727273	7.310403424058283
1.026156363636364	7.315798961174784
1.026855454545455	7.321193915951036
1.027554545454546	7.326588620253763
1.028253636363637	7.331983405949694
1.028952727272727	7.337378604905557
1.029651818181818	7.342774548988077
1.030350909090909	7.348171570063983
1.03105	7.35357
1.031818	7.359502437149627
1.032586	7.36543661808781
1.033354	7.371372185798039
1.034122	7.377308783263803
1.034889999999999	7.383246053468591
1.035657999999999	7.389183639395891
1.036425999999999	7.395121184029192
1.037193999999999	7.401058330351984
1.037961999999999	7.406994721347754
1.03873	7.41293
1.039429090909091	7.41833152546461
1.040128181818182	7.42373192515868
1.040827272727273	7.429131290823234
1.041526363636364	7.434529714199296
1.042225454545455	7.43992728702789
1.042924545454545	7.445324101050041
1.043623636363636	7.450720248006774
1.044322727272727	7.456115819639112
1.045021818181818	7.46151090768808
1.045720909090909	7.466905603894702
1.04642	7.4723
1.047119090909091	7.477694199173699
1.047818181818182	7.483088350300309
1.048517272727273	7.488482613693037
1.049216363636364	7.49387714966509
1.049915454545455	7.499272118529675
1.050614545454545	7.504667680600001
1.051313636363636	7.510063996189275
1.052012727272727	7.515461225610704
1.052711818181818	7.520859529177496
1.053410909090909	7.526259067202859
1.05411	7.53166
1.054878	7.537594988547685
1.055646	7.54353140331351
1.056414	7.549468793753365
1.057182	7.555406709323141
1.05795	7.561344699478727
1.058717999999999	7.567282313676015
1.059485999999999	7.573219101370896
1.060253999999999	7.579154612019257
1.061021999999999	7.585088395076993
1.06179	7.59102
1.062489090909091	7.596417255628152
1.063188181818182	7.60181283306447
1.063887272727273	7.607207232240112
1.064586363636364	7.61260095308624
1.065285454545455	7.617994495534009
1.065984545454546	7.623388359514579
1.066683636363637	7.628783044959109
1.067382727272727	7.634179051798758
1.068081818181818	7.639576879964684
1.068780909090909	7.644977029388046
1.06948	7.65038
1.070248	7.656319062743818
1.071016	7.662260854856121
1.071784	7.668204097595075
1.072552	7.674147512218848
1.073319999999999	7.680089819985605
1.074087999999999	7.686029742153514
1.074855999999999	7.691965999980741
1.075623999999999	7.697897314725451
1.076391999999999	7.703822407645813
1.07716	7.70974
1.077859090909091	7.715119637571718
1.078558181818182	7.720494655546451
1.079257272727273	7.725867708860839
1.079956363636364	7.731241452451518
1.080655454545455	7.736618541255126
1.081354545454545	7.742001630208301
1.082053636363636	7.747393374247681
1.082752727272727	7.752796428309903
1.083451818181818	7.758213447331605
1.084150909090909	7.763647086249424
1.08485	7.7691
1.085618	7.775114844779523
1.086386	7.781154037914767
1.087154	7.787215461707379
1.087922	7.793296998459
1.08869	7.799396530471275
1.089458	7.805511940045847
1.090225999999999	7.811641109484362
1.090993999999999	7.817781921088462
1.091761999999999	7.82393225715979
1.09253	7.83009
1.093229090909091	7.835700094645783
1.093928181818182	7.841314198724423
1.094627272727273	7.846931939145555
1.095326363636364	7.852552942818807
1.096025454545455	7.858176836653812
1.096724545454546	7.863803247560202
1.097423636363636	7.869431802447606
1.098122727272727	7.875062128225657
1.098821818181818	7.880693851803986
1.099520909090909	7.886326600092223
1.10022	7.89196
1.100988	7.898149035256764
1.101756	7.904338191633252
1.102524	7.910527254104839
1.103292	7.916716007646896
1.10406	7.922904237234797
1.104828000000001	7.929091727843914
1.105596000000001	7.935278264449621
1.106364000000001	7.94146363202729
1.107132000000001	7.947647615552294
1.1079	7.95383
1.108599090909091	7.959456172111832
1.109298181818182	7.965081135517316
1.109997272727273	7.970705184674751
1.110696363636364	7.976328614042432
1.111395454545455	7.981951718078656
1.112094545454546	7.987574791241719
1.112793636363637	7.993198127989918
1.113492727272728	7.99882202278155
1.114191818181818	8.00444677007491
1.114890909090909	8.010072664328295
1.11559	8.015700000000001
1.116358	8.021883902845902
1.117126	8.028069516999242
1.117894	8.034256458815905
1.118662	8.040444344651778
1.119429999999999	8.046632790862747
1.120197999999999	8.052821413804693
1.120965999999999	8.059009829833506
1.121733999999999	8.06519765530507
1.122501999999999	8.071384506575271
1.12327	8.07757
1.123969090909091	8.083199064240226
1.124668181818182	8.088826820292608
1.125367272727273	8.094453402967384
1.126066363636364	8.100078947074786
1.126765454545455	8.105703587425054
1.127464545454546	8.111327458828422
1.128163636363636	8.116950696095124
1.128862727272727	8.122573434035399
1.129561818181818	8.128195807459479
1.130260909090909	8.133817951177601
1.13096	8.13944
1.131659090909091	8.145062085108323
1.132358181818182	8.150684323169841
1.133057272727273	8.15630682722324
1.133756363636364	8.161929710307199
1.134455454545455	8.167553085460403
1.135154545454546	8.173177065721536
1.135853636363636	8.178801764129277
1.136552727272727	8.184427293722312
1.137251818181818	8.190053767539323
1.137950909090909	8.195681298618991
1.13865	8.201309999999999
1.139418	8.207494919202663
1.140186	8.213681030312163
1.140954	8.219867976429882
1.141722	8.226055400657197
1.14249	8.232242946095493
1.143258000000001	8.238430255846151
1.144026000000001	8.244616973010549
1.144794000000001	8.250802740690071
1.145562000000001	8.256987201986096
1.14633	8.263170000000001
1.147029090909091	8.268796396169817
1.147728181818182	8.274421444362726
1.148427272727273	8.280045470523344
1.149126363636364	8.285668800596291
1.149825454545455	8.291291760526184
1.150524545454546	8.296914676257641
1.151223636363637	8.302537873735279
1.151922727272727	8.308161678903716
1.152621818181818	8.31378641770757
1.153320909090909	8.31941241609146
1.15402	8.32504
1.154788	8.331224357964512
1.155556	8.337410553773436
1.156324	8.343598118404742
1.157092	8.349786582836398
1.157859999999999	8.355975478046373
1.158627999999999	8.36216433501264
1.159395999999999	8.368352684713164
1.160163999999999	8.374540058125918
1.160931999999999	8.380725986228871
1.1617	8.38691
1.162399090909091	8.392537209854861
1.163098181818182	8.398162805354653
1.163797272727273	8.403787146991045
1.164496363636364	8.409410595255704
1.165195454545455	8.415033510640299
1.165894545454546	8.420656253636501
1.166593636363636	8.426279184735977
1.167292727272727	8.431902664430396
1.167991818181818	8.437527053211426
1.168690909090909	8.44315271157074
1.16939	8.448779999999999
1.170158	8.45496411630751
1.170926	8.461150154525678
1.171694	8.467337634245713
1.172462	8.473526075058828
1.17323	8.479714996556233
1.173998000000001	8.485903918329139
1.174766000000001	8.49209235996876
1.175534000000001	8.498279841066303
1.176302000000001	8.504465881212981
1.17707	8.51065
1.177769090909091	8.516277291123885
1.178468181818182	8.521902952385512
1.179167272727273	8.527527344027673
1.179866363636364	8.53315082629317
1.180565454545455	8.538773759424799
1.181264545454546	8.544396503665357
1.181963636363637	8.550019419257644
1.182662727272727	8.555642866444453
1.183361818181818	8.561267205468585
1.184060909090909	8.566892796572835
1.18476	8.572520000000001
1.185528	8.578704004346385
1.186296	8.58488992159371
1.187064	8.591077284041926
1.187832	8.597265623990983
1.1886	8.603454473740824
1.189368	8.609643365591401
1.190135999999999	8.615831831842657
1.190903999999999	8.622019404794543
1.191671999999999	8.628205616747007
1.19244	8.63439
1.193139090909091	8.640017615205585
1.193838181818182	8.645643649826326
1.194537272727273	8.65126842607377
1.195236363636364	8.65689226615946
1.195935454545455	8.662515492294943
1.196634545454546	8.668138426691765
1.197333636363636	8.673761391561468
1.198032727272727	8.679384709115599
1.198731818181818	8.685008701565701
1.199430909090909	8.69063369112332
1.20013	8.696260000000001
1.200898	8.70244267854704
1.201666	8.70862705979275
1.202434	8.714812865346206
1.203202	8.720999816816487
1.20397	8.727187635812676
1.204738000000001	8.733376043943851
1.205506000000001	8.739564762819093
1.206274000000001	8.745753514047479
1.207042000000001	8.75194201923809
1.20781	8.75813
1.208509090909091	8.763762071081985
1.209208181818182	8.769393266970416
1.209907272727273	8.775023377687981
1.210606363636364	8.780652193257373
1.211305454545455	8.786279503701273
1.212004545454546	8.791905099042376
1.212703636363637	8.797528769303369
1.213402727272727	8.803150304506939
1.214101818181818	8.808769494675776
1.214800909090909	8.814386129832567
1.2155	8.82
