0.300927	1.34
0.3016263636363636	1.327486231346118
0.3023257272727273	1.314506331376919
0.3030250909090909	1.301052292077464
0.3037244545454545	1.287116105432815
0.3044238181818182	1.272689763428033
0.3051231818181818	1.257765258048179
0.3058225454545455	1.242334581278316
0.3065219090909091	1.226389725103505
0.3072212727272727	1.209922681508808
0.3079206363636364	1.192925442479286
0.30862	1.17539
0.309388	1.15550405624761
0.310156	1.134948823705686
0.310924	1.113713697649668
0.311692	1.091788073354999
0.31246	1.069161346097119
0.313228	1.04582291115147
0.3139959999999999	1.021762163793493
0.3147639999999999	0.9969684992986285
0.3155319999999999	0.9714313129423184
0.3163	0.94514
0.316999090909091	0.9205161605703882
0.3176981818181819	0.8950891799955877
0.3183972727272728	0.868689573407181
0.3190963636363637	0.8411478559367505
0.3197954545454547	0.8122945427158784
0.3204945454545456	0.7819601488761472
0.3211936363636365	0.7499751895491392
0.3218927272727274	0.7161701798664368
0.3225918181818184	0.6803756349596224
0.3232909090909093	0.6424220699602783
0.32399	0.60214
0.324758	0.5552129947286232
0.325526	0.5063157751558097
0.326294	0.4564928387505465
0.327062	0.4067886829818202
0.32783	0.3582478053186178
0.3285979999999999	0.3119147032299261
0.3293659999999999	0.268833874184732
0.3301339999999999	0.2300498156520223
0.3309019999999999	0.1966070251007838
0.33167	0.16955
0.3323690909090909	0.1511036491386284
0.3330681818181819	0.1381017429855456
0.3337672727272728	0.1298320112408682
0.3344663636363637	0.1255821836047125
0.3351654545454547	0.1246399897771946
0.3358645454545456	0.1262931594584312
0.3365636363636365	0.1298294223485384
0.3372627272727274	0.1345365081476326
0.3379618181818184	0.1397021465558302
0.3386609090909093	0.1446140672732476
0.33936	0.14856
0.340128	0.1511325318661106
0.340896	0.1519303663484606
0.341664	0.1512042206437843
0.342432	0.1492048119488161
0.3431999999999999	0.1461828574602903
0.3439679999999999	0.1423890743749413
0.3447359999999999	0.1380741798895035
0.3455039999999999	0.1334888912007112
0.3462719999999999	0.1288839255052988
0.34704	0.12451
0.3477390909090909	0.1209033836212648
0.3484381818181819	0.1176601679665233
0.3491372727272728	0.1147445696439357
0.3498363636363637	0.1121208052616622
0.3505354545454546	0.109753091427863
0.3512345454545456	0.1076056447506983
0.3519336363636365	0.1056426818383283
0.3526327272727274	0.1038284192989132
0.3533318181818184	0.1021270737406132
0.3540309090909093	0.1005028617715886
0.35473	0.09891999999999999
0.355498	0.09719417173208438
0.356266	0.09547558274906204
0.357034	0.09376475400809099
0.357802	0.09206220646632919
0.3585699999999999	0.09036846108093466
0.3593379999999999	0.08868403880906535
0.3601059999999999	0.08700946060787927
0.3608739999999999	0.08534524743453439
0.3616419999999999	0.08369192024618873
0.36241	0.08205
0.3631090909090909	0.0805660641819984
0.3638081818181819	0.07909423774690666
0.3645072727272728	0.07763674662162161
0.3652063636363637	0.07619581673304004
0.3659054545454546	0.07477367400805879
0.3666045454545456	0.07337254437357466
0.3673036363636365	0.07199465375648449
0.3680027272727274	0.07064222808368507
0.3687018181818184	0.06931749328207325
0.3694009090909093	0.06802267527854582
0.3701	0.06676
0.370868	0.06541237573520813
0.371636	0.06410804601946016
0.372404	0.06284882741893062
0.3731719999999999	0.06163653649979406
0.3739399999999999	0.06047298982822497
0.3747079999999999	0.05936000397039789
0.3754759999999999	0.05829939549248733
0.3762439999999999	0.05729298096066784
0.3770119999999999	0.05634257694111393
0.37778	0.05545
0.3784790909090909	0.05468924233668181
0.3791781818181819	0.05397881536710405
0.3798772727272728	0.0533196290678775
0.3805763636363637	0.05271259341561291
0.3812754545454546	0.05215861838692105
0.3819745454545456	0.05165861395841268
0.3826736363636365	0.05121349010669857
0.3833727272727274	0.05082415680838948
0.3840718181818183	0.05049152404009617
0.3847709090909093	0.0502165017784294
0.38547	0.05
0.3861690909090909	0.04984162057800642
0.3868681818181818	0.04973573297199857
0.3875672727272728	0.04967539853811411
0.3882663636363637	0.04965367863249071
0.3889654545454546	0.04966363461126603
0.3896645454545455	0.04969832783057773
0.3903636363636365	0.04975081964656346
0.3910627272727274	0.0498141714153609
0.3917618181818183	0.04988144449310769
0.3924609090909092	0.04994570023594151
0.39316	0.05
0.393928	0.05004195090174571
0.394696	0.05006653069803239
0.395464	0.05007675764492835
0.396232	0.05007564999850195
0.397	0.05006622601482149
0.397768	0.05005150394995531
0.3985359999999999	0.05003450205997175
0.3993039999999999	0.05001823860093912
0.4000719999999999	0.05000573182892577
0.40084	0.05
0.4015390909090909	0.05000248034707746
0.4022381818181818	0.05001092265957935
0.4029372727272728	0.05002317425922569
0.4036363636363637	0.05003708246773651
0.4043354545454546	0.05005049460683184
0.4050345454545455	0.0500612579982317
0.4057336363636365	0.05006721996365612
0.4064327272727274	0.05006622782482514
0.4071318181818183	0.05005612890345877
0.4078309090909092	0.05003477052127705
0.40853	0.05
0.409298	0.04994394730689262
0.410066	0.04986726667087411
0.410834	0.04976811462829508
0.411602	0.04964464771550615
0.41237	0.04949502246885797
0.4131379999999999	0.04931739542470115
0.4139059999999999	0.04910992311938632
0.4146739999999999	0.04887076208926411
0.4154419999999999	0.04859806887068514
0.41621	0.04829
0.416909090909091	0.04797799892686654
0.4176081818181819	0.04763819536381237
0.4183072727272728	0.04727362657598964
0.4190063636363637	0.04688732982855053
0.4197054545454547	0.0464823423866472
0.4204045454545456	0.04606170151543182
0.4211036363636365	0.04562844448005654
0.4218027272727274	0.04518560854567354
0.4225018181818184	0.04473623097743498
0.4232009090909093	0.04428334904049303
0.4239	0.04383
0.424668	0.04333535779581728
0.425436	0.04284973764956648
0.426204	0.04237905980653836
0.426972	0.04192924451202368
0.42774	0.04150621201131319
0.4285079999999999	0.04111588254969765
0.4292759999999999	0.04076417637246781
0.4300439999999999	0.04045701372491441
0.4308119999999999	0.04020031485232824
0.43158	0.04
0.4322790909090909	0.03986986336584034
0.4329781818181819	0.03978495254388797
0.4336772727272728	0.03973886803901778
0.4343763636363637	0.03972521035610464
0.4350754545454547	0.03973758000002343
0.4357745454545456	0.03976957747564903
0.4364736363636365	0.03981480328785632
0.4371727272727274	0.03986685794152019
0.4378718181818184	0.03991934194151551
0.4385709090909093	0.03996585579271715
0.43927	0.04
0.440038	0.04001789494668759
0.440806	0.04001823143753996
0.441574	0.04000610264793803
0.442342	0.0399866017532627
0.4431099999999999	0.03996482192889487
0.4438779999999999	0.03994585635021545
0.4446459999999999	0.03993479819260535
0.4454139999999999	0.03993674063144547
0.4461819999999999	0.03995677684211672
0.44695	0.04
0.4476490909090909	0.04006305217127563
0.4483481818181819	0.04014889005011902
0.4490472727272728	0.04025686643774074
0.4497463636363637	0.04038633413535133
0.4504454545454546	0.04053664594416135
0.4511445454545456	0.04070715466538134
0.4518436363636365	0.04089721310022184
0.4525427272727274	0.04110617404989342
0.4532418181818184	0.04133339031560662
0.4539409090909093	0.04157821469857199
0.45464	0.04184
0.455408	0.04214630178876539
0.456176	0.04247102526002088
0.456944	0.04281290380043556
0.457712	0.04317067079667854
0.4584799999999999	0.04354305963541891
0.4592479999999999	0.04392880370332577
0.4600159999999999	0.0443266363870682
0.4607839999999999	0.04473529107331531
0.4615519999999999	0.04515350114873619
0.46232	0.04558
0.4630190909090909	0.04597383748512861
0.4637181818181819	0.04636934701829357
0.4644172727272728	0.0467623820844742
0.4651163636363637	0.0471487961686498
0.4658154545454546	0.04752444275579968
0.4665145454545456	0.04788517533090315
0.4672136363636365	0.04822684737893951
0.4679127272727274	0.04854531238488807
0.4686118181818184	0.04883642383372815
0.4693109090909093	0.04909603521043904
0.47001	0.04932
0.4707090909090909	0.04950549021884249
0.4714081818181818	0.04965495200920585
0.4721072727272728	0.04977215004478149
0.4728063636363637	0.04986084899926084
0.4735054545454546	0.04992481354633533
0.4742045454545455	0.04996780835969639
0.4749036363636365	0.04999359811303543
0.4756027272727274	0.05000594748004389
0.4763018181818183	0.05000862113441319
0.4770009090909093	0.05000538374983475
0.4777	0.05
0.478468	0.04999522122254391
0.479236	0.04999215247799418
0.480004	0.04999055073546563
0.480772	0.04999017296407302
0.48154	0.04999077613293114
0.482308	0.04999211721115477
0.4830759999999999	0.04999395316785869
0.4838439999999999	0.04999604097215767
0.4846119999999999	0.04999813759316652
0.48538	0.05
0.4860790909090909	0.0500013226922956
0.4867781818181818	0.05000228266607432
0.4874772727272728	0.05000291264802208
0.4881763636363637	0.0500032453648248
0.4888754545454546	0.05000331354316839
0.4895745454545455	0.05000314990973879
0.4902736363636365	0.05000278719122191
0.4909727272727274	0.05000225811430366
0.4916718181818183	0.05000159540566999
0.4923709090909092	0.0500008317920068
0.49307	0.05
0.493838	0.04999905089267472
0.494606	0.04999812819063174
0.495374	0.04999730108416731
0.496142	0.04999663876357766
0.49691	0.04999621041915905
0.497678	0.04999608524120771
0.4984459999999999	0.0499963324200199
0.4992139999999999	0.04999702114589184
0.4999819999999999	0.0499982206091198
0.50075	0.05
0.501449090909091	0.05000213341540166
0.5021481818181819	0.05000456355432684
0.5028472727272728	0.05000704928124092
0.5035463636363637	0.0500093494606093
0.5042454545454547	0.05001122295689733
0.5049445454545456	0.05001242863457041
0.5056436363636365	0.05001272535809394
0.5063427272727274	0.05001187199193327
0.5070418181818184	0.05000962740055381
0.5077409090909093	0.05000575044842092
0.50844	0.05
0.509208	0.04999149127008102
0.509976	0.04998164218134202
0.510744	0.04997166442916708
0.511512	0.0499627697089403
0.51228	0.04995616971604577
0.5130479999999999	0.04995307614586757
0.5138159999999999	0.04995470069378981
0.5145839999999999	0.04996225505519656
0.5153519999999999	0.04997695092547193
0.51612	0.05
0.516819090909091	0.05002932650155757
0.5175181818181819	0.05006785805682619
0.5182172727272728	0.05011687424476802
0.5189163636363637	0.05017765464434527
0.5196154545454547	0.05025147883452008
0.5203145454545456	0.05033962639425465
0.5210136363636365	0.05044337690251115
0.5217127272727274	0.05056400993825177
0.5224118181818184	0.05070280508043867
0.5231109090909093	0.05086104190803405
0.52381	0.05104
0.524578	0.05126109219831355
0.525346	0.05150494377614179
0.526114	0.0517677622829739
0.526882	0.0520457552682991
0.52765	0.05233513028160658
0.5284179999999999	0.05263209487238552
0.5291859999999999	0.05293285659012514
0.5299539999999999	0.05323362298431462
0.5307219999999999	0.05353060160444316
0.53149	0.05382
0.5321890909090909	0.05407449743957632
0.5328881818181819	0.05432183882285231
0.5335872727272728	0.05456429149080481
0.5342863636363637	0.05480412278441065
0.5349854545454547	0.05504360004464669
0.5356845454545456	0.05528499061248977
0.5363836363636365	0.05553056182891672
0.5370827272727274	0.05578258103490438
0.5377818181818184	0.05604331557142961
0.5384809090909093	0.05631503277946923
0.53918	0.0566
0.539948	0.05692916021720155
0.540716	0.05726883959496291
0.541484	0.05761083009664067
0.542252	0.05794692368559144
0.5430199999999999	0.05826891232517186
0.5437879999999999	0.05856858797873853
0.5445559999999999	0.05883774260964805
0.5453239999999999	0.05906816818125707
0.5460919999999999	0.05925165665692217
0.54686	0.05938
0.5475590909090909	0.05944376842026824
0.5482581818181819	0.05945970487064754
0.5489572727272728	0.0594324718100527
0.5496563636363637	0.05936673169739851
0.5503554545454546	0.05926714699159975
0.5510545454545456	0.05913838015157124
0.5517536363636365	0.05898509363622775
0.5524527272727274	0.05881194990448408
0.5531518181818184	0.05862361141525503
0.5538509090909093	0.05842474062745538
0.55455	0.05822
0.5552490909090909	0.05801331276796407
0.5559481818181818	0.0578056452710651
0.5566472727272728	0.05759722462518103
0.5573463636363637	0.05738827794618982
0.5580454545454546	0.05717903234996943
0.5587445454545455	0.05696971495239782
0.5594436363636365	0.05676055286935295
0.5601427272727274	0.05655177321671277
0.5608418181818183	0.05634360311035523
0.5615409090909093	0.0561362696661583
0.56224	0.05593
0.563008	0.05570472631178652
0.5637759999999999	0.05548029921455035
0.5645439999999999	0.05525600737735945
0.5653119999999999	0.05503113946928181
0.5660799999999999	0.05480498415938537
0.5668479999999999	0.0545768301167381
0.5676159999999999	0.05434596601040797
0.5683839999999999	0.05411168050946294
0.5691519999999999	0.05387326228297097
0.56992	0.05363
0.5706190909090909	0.05340417363633457
0.5713181818181818	0.05317573165036619
0.5720172727272728	0.05294666161316747
0.5727163636363637	0.05271895109581105
0.5734154545454546	0.05249458766936951
0.5741145454545455	0.0522755589049155
0.5748136363636365	0.05206385237352164
0.5755127272727274	0.05186145564626053
0.5762118181818183	0.0516703562942048
0.5769109090909093	0.05149254188842707
0.57761	0.05133
0.5783779999999999	0.05117122137659203
0.5791459999999999	0.0510347908581969
0.5799139999999999	0.05092222612405211
0.5806819999999999	0.0508350448533952
0.5814499999999999	0.05077476472546367
0.5822179999999999	0.05074290341949505
0.5829859999999999	0.05074097861472685
0.5837539999999999	0.05077050799039659
0.5845219999999999	0.0508330092257418
0.58529	0.05093
0.5859890909090909	0.05104880505758468
0.5866881818181818	0.0511940919994772
0.5873872727272728	0.05136250713312992
0.5880863636363637	0.05155069676599518
0.5887854545454546	0.05175530720552533
0.5894845454545455	0.0519729847591727
0.5901836363636365	0.05220037573438965
0.5908827272727274	0.05243412643862851
0.5915818181818183	0.05267088317934164
0.5922809090909092	0.05290729226398138
0.59298	0.05314
0.5937479999999999	0.05338823912487553
0.5945159999999999	0.05362863509374921
0.5952839999999999	0.05386185916304878
0.5960519999999999	0.05408858258920197
0.5968199999999999	0.0543094766286365
0.5975879999999999	0.05452521253778011
0.5983559999999999	0.05473646157306053
0.5991239999999999	0.0549438949909055
0.5998919999999999	0.05514818404774273
0.60066	0.05535
0.6013590909090909	0.05553225714928395
0.6020581818181818	0.05571432713726897
0.6027572727272728	0.0558975158138297
0.6034563636363637	0.05608312902884081
0.6041554545454546	0.05627247263217694
0.6048545454545455	0.05646685247371275
0.6055536363636365	0.05666757440332292
0.6062527272727274	0.05687594427088207
0.6069518181818183	0.05709326792626488
0.6076509090909092	0.05732085121934599
0.6083499999999999	0.05756
0.6091179999999999	0.05783605721126051
0.6098859999999999	0.05812007495948859
0.6106539999999999	0.05840447994238303
0.6114219999999999	0.05868169885764261
0.6121899999999999	0.05894415840296612
0.6129579999999999	0.05918428527605234
0.6137259999999999	0.05939450617460006
0.6144939999999999	0.05956724779630804
0.6152619999999999	0.0596949368388751
0.61603	0.05977
0.6167290909090909	0.05978801288061471
0.6174281818181818	0.05976139615778917
0.6181272727272727	0.05969540126487159
0.6188263636363637	0.05959527963521014
0.6195254545454546	0.05946628270215303
0.6202245454545455	0.05931366189904843
0.6209236363636365	0.05914266865924455
0.6216227272727274	0.05895855441608958
0.6223218181818183	0.05876657060293169
0.6230209090909092	0.05857196865311909
0.6237200000000001	0.05838
0.624488	0.05817703582225804
0.625256	0.05798238394135791
0.626024	0.05779484092746243
0.626792	0.05761320335073441
0.62756	0.05743626778133664
0.628328	0.05726283078943194
0.629096	0.05709168894518312
0.629864	0.05692163881875298
0.630632	0.05675147698030434
0.6314	0.05658
0.6320990909090909	0.05642194215792045
0.6327981818181818	0.05626204022359982
0.6334972727272727	0.05610053699301466
0.6341963636363637	0.05593767526214156
0.6348954545454546	0.05577369782695711
0.6355945454545455	0.05560884748343786
0.6362936363636365	0.05544336702756041
0.6369927272727274	0.05527749925530131
0.6376918181818183	0.05511148696263716
0.6383909090909092	0.05494557294554452
0.63909	0.05478
0.639789090909091	0.05461495784311425
0.6404881818181819	0.05445042387653447
0.6411872727272728	0.05428632242304195
0.6418863636363638	0.05412257780541802
0.6425854545454547	0.05395911434644396
0.6432845454545456	0.05379585636890108
0.6439836363636365	0.05363272819557068
0.6446827272727275	0.05346965414923407
0.6453818181818184	0.05330655855267254
0.6460809090909093	0.0531433657286674
0.64678	0.05298
0.647548	0.05280026960743806
0.648316	0.05262030469153221
0.649084	0.05244017073124992
0.649852	0.05225993320555864
0.65062	0.05207965759342583
0.651388	0.05189940937381896
0.652156	0.05171925402570548
0.6529239999999999	0.05153925702805286
0.6536919999999999	0.05135948385982855
0.65446	0.05118
0.655159090909091	0.05101692473130739
0.6558581818181819	0.05085417825408051
0.6565572727272728	0.05069179538301636
0.6572563636363637	0.05052981093281192
0.6579554545454547	0.05036825971816418
0.6586545454545456	0.05020717655377013
0.6593536363636365	0.05004659625432677
0.6600527272727275	0.04988655363453108
0.6607518181818184	0.04972708350908005
0.6614509090909093	0.04956822069267068
0.66215	0.04941
0.662918	0.04923694116391946
0.663686	0.04906460126331397
0.664454	0.04889288226705377
0.665222	0.04872168614400908
0.66599	0.04855091486305015
0.666758	0.0483804703930472
0.667526	0.04821025470287049
0.6682939999999999	0.04804016976139022
0.6690619999999999	0.04787011753747666
0.66983	0.0477
0.670529090909091	0.04754502085539337
0.6712281818181819	0.04738991643019896
0.6719272727272728	0.04723469679122282
0.6726263636363637	0.04707937200527101
0.6733254545454547	0.04692395213914963
0.6740245454545456	0.04676844725966473
0.6747236363636365	0.04661286743362239
0.6754227272727275	0.04645722272782866
0.6761218181818184	0.04630152320908964
0.6768209090909093	0.04614577894421138
0.67752	0.04599
0.678288	0.04581883875665343
0.679056	0.0456476656829008
0.679824	0.04547649865208991
0.680592	0.04530535553756859
0.68136	0.04513425421268468
0.682128	0.044963212550786
0.6828959999999999	0.04479224842522037
0.6836639999999999	0.04462137970933561
0.6844319999999999	0.04445062427647956
0.6852	0.04428
0.685899090909091	0.0441248046068897
0.6865981818181819	0.04396968887067165
0.6872972727272728	0.04381460896222548
0.6879963636363637	0.04365952105243082
0.6886954545454547	0.04350438131216731
0.6893945454545456	0.04334914591231459
0.6900936363636365	0.04319377102375228
0.6907927272727274	0.04303821281736003
0.6914918181818184	0.04288242746401747
0.6921909090909093	0.04272637113460423
0.69289	0.04257
0.693658	0.04239784142881536
0.694426	0.04222543829613999
0.695194	0.04205297886013162
0.695962	0.04188065137894801
0.69673	0.04170864411074689
0.697498	0.04153714531368603
0.6982659999999999	0.04136634324592316
0.6990339999999999	0.04119642616561604
0.6998019999999999	0.04102758233092241
0.70057	0.04086
0.701269090909091	0.04070868475922778
0.7019681818181819	0.04055856350764828
0.7026672727272728	0.04040962896188512
0.7033663636363637	0.04026187383856188
0.7040654545454547	0.04011529085430218
0.7047645454545456	0.03996987272572961
0.7054636363636365	0.03982561216946779
0.7061627272727274	0.03968250190214031
0.7068618181818184	0.03954053464037077
0.7075609090909093	0.03939970310078279
0.70826	0.03926
0.709028	0.03910779103824233
0.709796	0.0389567606114877
0.710564	0.03880673418258979
0.711332	0.03865753721440224
0.7121	0.03850899516977873
0.7128679999999999	0.03836093351157292
0.7136359999999999	0.03821317770263848
0.7144039999999999	0.03806555320582908
0.7151719999999999	0.03791788548399837
0.71594	0.03777
0.7166390909090909	0.03763507810228904
0.7173381818181819	0.03749988577781577
0.7180372727272728	0.03736447765898472
0.7187363636363637	0.03722890837820042
0.7194354545454547	0.0370932325678674
0.7201345454545456	0.03695750486039019
0.7208336363636365	0.03682177988817333
0.7215327272727274	0.03668611228362134
0.7222318181818184	0.03655055667913876
0.7229309090909093	0.03641516770713012
0.72363	0.03628
0.7243290909090909	0.03614508310858165
0.7250281818181818	0.03601034625742375
0.7257272727272728	0.03587569358950372
0.7264263636363637	0.03574102924779902
0.7271254545454546	0.03560625737528707
0.7278245454545456	0.03547128211494532
0.7285236363636365	0.03533600760975122
0.7292227272727274	0.03520033800268219
0.7299218181818183	0.03506417743671567
0.7306209090909093	0.03492743005482912
0.73132	0.03479
0.732088	0.03463820449772498
0.732856	0.03448583448805289
0.7336239999999999	0.03433325503644722
0.7343919999999999	0.03418083120837145
0.7351599999999999	0.03402892806928907
0.7359279999999999	0.03387791068466357
0.7366959999999999	0.03372814411995843
0.7374639999999999	0.03357999344063713
0.7382319999999999	0.03343382371216317
0.739	0.03329
0.7396990909090909	0.03316123332308724
0.7403981818181818	0.03303381705428427
0.7410972727272728	0.03290685519965172
0.7417963636363637	0.0327794517652502
0.7424954545454546	0.03265071075714032
0.7431945454545456	0.0325197361813827
0.7438936363636365	0.03238563204403795
0.7445927272727274	0.03224750235116669
0.7452918181818183	0.03210445110882952
0.7459909090909093	0.03195558232308707
0.74669	0.0318
0.747458	0.03162119296307142
0.7482259999999999	0.03143751343020809
0.7489939999999999	0.03125327250712959
0.7497619999999999	0.0310727812995555
0.7505299999999999	0.0309003509132054
0.7512979999999999	0.03074029245379887
0.7520659999999999	0.03059691702705548
0.7528339999999999	0.03047453573869482
0.7536019999999999	0.03037745969443647
0.75437	0.03031
0.7550690909090909	0.0302770101646366
0.7557681818181818	0.03026957221720558
0.7564672727272728	0.03028512575984462
0.7571663636363637	0.03032111039469139
0.7578654545454546	0.03037496572388357
0.7585645454545455	0.03044413134955883
0.7592636363636365	0.03052604687385485
0.7599627272727274	0.03061815189890931
0.7606618181818183	0.03071788602685987
0.7613609090909093	0.03082268885984422
0.76206	0.03093
0.762828	0.03104829735740368
0.7635959999999999	0.03116653097248031
0.7643639999999999	0.03128469996881891
0.7651319999999999	0.03140280347000846
0.7658999999999999	0.03152084059963799
0.7666679999999999	0.03163881048129646
0.7674359999999999	0.0317567122385729
0.7682039999999999	0.03187454499505631
0.7689719999999999	0.03199230787433566
0.76974	0.03211
0.7704390909090909	0.03221707413819338
0.7711381818181818	0.03232411369136716
0.7718372727272728	0.03243114342713317
0.7725363636363637	0.03253818811310324
0.7732354545454546	0.03264527251688917
0.7739345454545455	0.03275242140610279
0.7746336363636365	0.03285965954835594
0.7753327272727274	0.03296701171126041
0.7760318181818183	0.03307450266242803
0.7767309090909092	0.03318215716947064
0.77743	0.03329
0.7781979999999999	0.03340870523781699
0.7789659999999999	0.03352761537279384
0.7797339999999999	0.03364667813201086
0.7805019999999999	0.03376584124254835
0.7812699999999999	0.03388505243148662
0.7820379999999999	0.03400425942590594
0.7828059999999999	0.03412340995288664
0.7835739999999999	0.03424245173950902
0.7843419999999999	0.03436133251285337
0.78511	0.03448
0.7858090909090909	0.03458780180482257
0.7865081818181818	0.03469541212407683
0.7872072727272728	0.03480285951444888
0.7879063636363637	0.03491017253262485
0.7886054545454546	0.03501737973529086
0.7893045454545455	0.035124509679133
0.7900036363636365	0.03523159092083742
0.7907027272727274	0.03533865201709022
0.7914018181818183	0.03544572152457751
0.7921009090909092	0.0355528279999854
0.7927999999999999	0.03566
0.7934990909090909	0.03576725752846267
0.7941981818181818	0.03587458637783546
0.7948972727272727	0.03598196378773569
0.7955963636363637	0.03608936699778064
0.7962954545454546	0.0361967732475876
0.7969945454545455	0.03630415977677387
0.7976936363636364	0.03641150382495674
0.7983927272727274	0.03651878263175349
0.7990918181818183	0.03662597343678143
0.7997909090909092	0.03673305347965784
0.80049	0.03684
0.801258	0.03695732757640016
0.802026	0.03707455873422891
0.802794	0.03719178566575052
0.803562	0.03730910056322926
0.80433	0.03742659561892937
0.805098	0.03754436302511514
0.805866	0.03766249497405082
0.806634	0.03778108365800067
0.807402	0.03790022126922898
0.8081700000000001	0.03802
0.808869090909091	0.03812961032312023
0.8095681818181819	0.03823955948300783
0.8102672727272728	0.03834957869435053
0.8109663636363638	0.03845939917183602
0.8116654545454547	0.03856875213015201
0.8123645454545456	0.03867736878398621
0.8130636363636365	0.03878498034802633
0.8137627272727275	0.03889131803696005
0.8144618181818184	0.03899611306547512
0.8151609090909093	0.0390990966482592
0.81586	0.0392
0.816628	0.03930803648817496
0.817396	0.03941231203352224
0.818164	0.03951190061558764
0.818932	0.03960587621391695
0.8197	0.03969331280805598
0.820468	0.03977328437755053
0.821236	0.03984486490194641
0.822004	0.03990712836078941
0.8227719999999999	0.03995914873362534
0.82354	0.04
0.824239090909091	0.04002700296540499
0.8249381818181819	0.04004513926695203
0.8256372727272728	0.04005556426156678
0.8263363636363638	0.04005943330617488
0.8270354545454547	0.04005790175770199
0.8277345454545456	0.04005212497307375
0.8284336363636365	0.0400432583092158
0.8291327272727275	0.04003245712305381
0.8298318181818184	0.04002087677151341
0.8305309090909093	0.04000967261152026
0.83123	0.04
0.831998	0.03999219113404891
0.832766	0.03998721386396561
0.833534	0.03998465708012892
0.834302	0.0399841096729177
0.83507	0.03998516053271078
0.835838	0.03998739854988698
0.836606	0.03999041261482517
0.837374	0.03999379161790418
0.8381419999999999	0.03999712444950284
0.83891	0.04
0.839609090909091	0.04000193872498111
0.8403081818181819	0.0400032408523728
0.8410072727272728	0.04000398933303947
0.8417063636363638	0.04000426711784551
0.8424054545454547	0.04000415715765533
0.8431045454545456	0.04000374240333333
0.8438036363636365	0.04000310580574391
0.8445027272727275	0.04000233031575146
0.8452018181818184	0.04000149888422039
0.8459009090909093	0.04000069446201511
0.8466	0.04
0.847368	0.03999943934884356
0.848136	0.03999908199704723
0.848904	0.03999889842828068
0.849672	0.03999885912621357
0.85044	0.03999893457451555
0.851208	0.03999909525685629
0.851976	0.03999931165690545
0.8527439999999999	0.03999955425833268
0.8535119999999999	0.03999979354480764
0.85428	0.04
0.854979090909091	0.04000013919417861
0.8556781818181819	0.04000023268272954
0.8563772727272728	0.04000028642125013
0.8570763636363637	0.04000030636533768
0.8577754545454547	0.0400002984705895
0.8584745454545456	0.04000026869260292
0.8591736363636365	0.04000022298697526
0.8598727272727275	0.04000016730930381
0.8605718181818184	0.04000010761518592
0.8612709090909093	0.04000004986021887
0.86197	0.04
0.862738	0.03999995974691294
0.863506	0.03999993409003245
0.864274	0.03999992091020499
0.865042	0.03999991808827701
0.86581	0.03999992350509499
0.866578	0.03999993504150536
0.867346	0.03999995057835459
0.8681139999999999	0.03999996799648914
0.8688819999999999	0.03999998517675545
0.86965	0.04
0.870349090909091	0.04000000999422641
0.8710481818181819	0.04000001670702272
0.8717472727272728	0.04000002056591722
0.8724463636363637	0.04000002199843817
0.8731454545454547	0.04000002143211384
0.8738445454545456	0.04000001929447249
0.8745436363636365	0.04000001601304241
0.8752427272727274	0.04000001201535185
0.8759418181818184	0.04000000772892908
0.8766409090909093	0.04000000358130237
0.87734	0.04
0.8780390909090909	0.03999999732219999
0.8787381818181819	0.03999999552367943
0.8794372727272728	0.03999999448986517
0.8801363636363637	0.03999999410618406
0.8808354545454546	0.03999999425806296
0.8815345454545456	0.0399999948309287
0.8822336363636365	0.03999999571020815
0.8829327272727274	0.03999999678132816
0.8836318181818184	0.03999999792971556
0.8843309090909093	0.03999999904079723
0.88503	0.04
0.885798	0.04000000077438093
0.886566	0.04000000126796131
0.887334	0.0400000015215096
0.8881019999999999	0.04000000157579427
0.8888699999999999	0.04000000147158377
0.8896379999999999	0.04000000124964657
0.8904059999999999	0.04000000095075114
0.8911739999999999	0.04000000061566592
0.8919419999999999	0.04000000028515939
0.89271	0.04
0.8934090909090909	0.03999999980774268
0.8941081818181819	0.03999999967861476
0.8948072727272728	0.03999999960439026
0.8955063636363637	0.03999999957684321
0.8962054545454546	0.03999999958774762
0.8969045454545456	0.03999999962887751
0.8976036363636365	0.03999999969200691
0.8983027272727274	0.03999999976890984
0.8990018181818183	0.03999999985136032
0.8997009090909093	0.03999999993113237
0.9004	0.04
0.901168	0.04000000005559803
0.901936	0.0400000000910355
0.902704	0.04000000010923944
0.9034719999999999	0.0400000001131369
0.9042399999999999	0.04000000010565493
0.9050079999999999	0.04000000008972057
0.9057759999999999	0.04000000006826085
0.9065439999999999	0.04000000004420282
0.9073119999999999	0.04000000002047352
0.90808	0.04
0.9087790909090909	0.03999999998619654
0.9094781818181819	0.03999999997692558
0.9101772727272728	0.03999999997159649
0.9108763636363637	0.03999999996961869
0.9115754545454546	0.03999999997040159
0.9122745454545456	0.03999999997335458
0.9129736363636365	0.03999999997788706
0.9136727272727274	0.03999999998340845
0.9143718181818183	0.03999999998932813
0.9150709090909093	0.03999999999505551
0.91577	0.04
0.916538	0.04000000000399178
0.917306	0.04000000000653611
0.9180739999999999	0.04000000000784312
0.9188419999999999	0.04000000000812297
0.9196099999999999	0.04000000000758581
0.9203779999999999	0.04000000000644179
0.9211459999999999	0.04000000000490104
0.9219139999999999	0.04000000000317373
0.9226819999999999	0.04000000000147
0.92345	0.04
0.9241490909090909	0.03999999999900888
0.9248481818181818	0.03999999999834315
0.9255472727272728	0.03999999999796044
0.9262463636363637	0.03999999999781835
0.9269454545454546	0.03999999999787448
0.9276445454545456	0.03999999999808645
0.9283436363636365	0.03999999999841185
0.9290427272727274	0.0399999999988083
0.9297418181818183	0.03999999999923341
0.9304409090909093	0.03999999999964477
0.93114	0.04
0.931908	0.04000000000028694
0.9326759999999999	0.04000000000047002
0.9334439999999999	0.04000000000056426
0.9342119999999999	0.04000000000058472
0.9349799999999999	0.04000000000054642
0.9357479999999999	0.04000000000046441
0.9365159999999999	0.04000000000035373
0.9372839999999999	0.04000000000022941
0.9380519999999999	0.04000000000010649
0.93882	0.04
0.9395190909090909	0.03999999999992768
0.9402181818181818	0.03999999999987853
0.9409172727272728	0.03999999999984966
0.9416163636363637	0.03999999999983815
0.9423154545454546	0.03999999999984111
0.9430145454545455	0.03999999999985564
0.9437136363636365	0.03999999999987881
0.9444127272727274	0.03999999999990774
0.9451118181818183	0.03999999999993952
0.9458109090909093	0.03999999999997124
0.94651	0.04
0.947278	0.04000000000002543
0.9480459999999999	0.04000000000004417
0.9488139999999999	0.04000000000005661
0.9495819999999999	0.04000000000006314
0.9503499999999999	0.04000000000006414
0.9511179999999999	0.04000000000006002
0.9518859999999999	0.04000000000005115
0.9526539999999999	0.04000000000003794
0.9534219999999999	0.04000000000002076
0.95419	0.04
0.9548890909090909	0.03999999999997857
0.9555881818181818	0.03999999999995623
0.9562872727272728	0.03999999999993472
0.9569863636363637	0.03999999999991576
0.9576854545454546	0.03999999999990109
0.9583845454545455	0.03999999999989243
0.9590836363636365	0.03999999999989153
0.9597827272727274	0.0399999999999001
0.9604818181818183	0.03999999999991988
0.9611809090909093	0.03999999999995261
0.96188	0.04
0.9625790909090909	0.04000000000006231
0.9632781818181818	0.0400000000001338
0.9639772727272727	0.04000000000020727
0.9646763636363637	0.04000000000027549
0.9653754545454546	0.04000000000033125
0.9660745454545455	0.04000000000036733
0.9667736363636364	0.04000000000037652
0.9674727272727274	0.04000000000035159
0.9681718181818183	0.04000000000028534
0.9688709090909092	0.04000000000017055
0.96957	0.04
0.970338	0.03999999999974738
0.971106	0.03999999999945478
0.971874	0.03999999999915827
0.972642	0.03999999999889386
0.97341	0.03999999999869762
0.974178	0.03999999999860556
0.974946	0.03999999999865373
0.975714	0.03999999999887817
0.976482	0.03999999999931491
0.97725	0.04
0.9779490909090909	0.04000000000084852
0.9786481818181818	0.04000000000183133
0.9793472727272727	0.04000000000284712
0.9800463636363637	0.04000000000379454
0.9807454545454546	0.04000000000457226
0.9814445454545455	0.04000000000507894
0.9821436363636364	0.04000000000521324
0.9828427272727274	0.04000000000487383
0.9835418181818183	0.04000000000395938
0.9842409090909092	0.04000000000236855
0.98494	0.04
0.985708	0.03999999999648695
0.986476	0.03999999999241526
0.987244	0.03999999998828717
0.988012	0.03999999998460493
0.98878	0.03999999998187077
0.989548	0.03999999998058696
0.990316	0.03999999998125573
0.991084	0.03999999998437934
0.991852	0.03999999999046001
0.9926199999999999	0.04
0.9933190909090909	0.0400000000118169
0.9940181818181818	0.04000000002550488
0.9947172727272727	0.04000000003965243
0.9954163636363637	0.04000000005284809
0.9961154545454546	0.04000000006368037
0.9968145454545455	0.04000000007073778
0.9975136363636364	0.04000000007260886
0.9982127272727274	0.0400000000678821
0.9989118181818183	0.04000000005514602
0.9996109090909092	0.04000000003298915
1.00031	0.04
1.001078	0.03999999995106993
1.001846	0.0399999998943588
1.002614	0.03999999983686203
1.003382	0.039999999785575
1.00415	0.03999999974749313
1.004918	0.0399999997296118
1.005685999999999	0.03999999973892644
1.006453999999999	0.0399999997824324
1.007221999999999	0.03999999986712513
1.00799	0.04
1.008689090909091	0.04000000016458818
1.009388181818182	0.04000000035523703
1.010087272727273	0.04000000055228711
1.010786363636364	0.040000000736079
1.011485454545455	0.04000000088695325
1.012184545454546	0.04000000098525043
1.012883636363636	0.0400000010113111
1.013582727272727	0.04000000094547583
1.014281818181818	0.04000000076808518
1.014980909090909	0.04000000045947972
1.01568	0.04
1.016448	0.03999999931849172
1.017216	0.03999999852860738
1.017984	0.03999999772778034
1.018752	0.039999997013444
1.01952	0.03999999648303174
1.020288000000001	0.03999999623397694
1.021056000000001	0.03999999636371299
1.021824000000001	0.03999999696967325
1.022592000000001	0.03999999814929113
1.02336	0.04
1.024059090909091	0.04000000229241839
1.024758181818182	0.04000000494781527
1.025457272727273	0.04000000769236991
1.026156363636364	0.04000001025226159
1.026855454545455	0.0400000123536696
1.027554545454546	0.0400000137227732
1.028253636363637	0.04000001408575169
1.028952727272727	0.04000001316878433
1.029651818181818	0.04000001069805042
1.030350909090909	0.04000000639972921
1.03105	0.04
1.031818	0.0399999905078107
1.032586	0.03999997950613694
1.033354	0.03999996835205116
1.034122	0.03999995840262582
1.034889999999999	0.03999995101493337
1.035657999999999	0.03999994754604624
1.036425999999999	0.03999994935303689
1.037193999999999	0.03999995779297777
1.037961999999999	0.03999997422294133
1.03873	0.04
1.039429090909091	0.04000003192928094
1.040128181818182	0.04000006891420184
1.040827272727273	0.04000010714093067
1.041526363636364	0.04000014279563537
1.042225454545455	0.04000017206448388
1.042924545454545	0.04000019113364414
1.043623636363636	0.04000019618928412
1.044322727272727	0.04000018341757174
1.045021818181818	0.04000014900467497
1.045720909090909	0.04000008913676174
1.04642	0.04
1.047119090909091	0.03999988078807411
1.047818181818182	0.0399997427247341
1.048517272727273	0.03999960004124639
1.049216363636364	0.03999946696887743
1.049915454545455	0.03999935773889363
1.050614545454545	0.03999928658256146
1.051313636363636	0.03999926773114734
1.052012727272727	0.03999931541591769
1.052711818181818	0.03999944386813896
1.053410909090909	0.03999966731907759
1.05411	0.04
1.054878	0.04000049342595117
1.055646	0.04000106531081904
1.056414	0.0400016451136806
1.057182	0.04000216229361279
1.05795	0.04000254630969261
1.058717999999999	0.04000272662099703
1.059485999999999	0.040002632686603
1.060253999999999	0.04000219396558751
1.061021999999999	0.04000133991702752
1.06179	0.04
1.062489090909091	0.03999834028738824
1.063188181818182	0.03999641777983887
1.063887272727273	0.03999443072317188
1.064586363636364	0.03999257736320726
1.065285454545455	0.03999105594576498
1.065984545454546	0.03999006471666505
1.066683636363637	0.03998980192172744
1.067382727272727	0.03999046580677214
1.068081818181818	0.03999225461761915
1.068780909090909	0.03999536660008843
1.06948	0.04
1.070248	0.04000687233819401
1.071016	0.04001483754150247
1.071784	0.04002291309065795
1.072552	0.04003011646639304
1.073319999999999	0.04003546514944032
1.074087999999999	0.04003797662053237
1.074855999999999	0.04003666836040179
1.075623999999999	0.04003055784978115
1.076391999999999	0.04001866256940304
1.07716	0.04
1.077859090909091	0.03997688322693049
1.078558181818182	0.03995010617481368
1.079257272727273	0.03992243005486997
1.079956363636364	0.03989661607831976
1.080655454545455	0.03987542545638345
1.081354545454545	0.03986161940028144
1.082053636363636	0.03985795912123413
1.082752727272727	0.03986720583046194
1.083451818181818	0.03989212073918525
1.084150909090909	0.03993546505862447
1.08485	0.04
1.085618	0.04009766934367413
1.086386	0.04022226034558507
1.087154	0.04037178827192117
1.087922	0.0405442683888708
1.08869	0.04073771596262228
1.089458	0.04095014625936397
1.090225999999999	0.04117957454528421
1.090993999999999	0.04142401608657135
1.091761999999999	0.04168148614941372
1.09253	0.04195
1.093229090909091	0.04220245490401838
1.093928181818182	0.04246155317476381
1.094627272727273	0.04272643184790787
1.095326363636364	0.04299622795912213
1.096025454545455	0.04327007854407817
1.096724545454546	0.04354712063844756
1.097423636363636	0.04382649127790189
1.098122727272727	0.04410732749811273
1.098821818181818	0.04438876633475166
1.099520909090909	0.04466994482349025
1.10022	0.04495
1.100988	0.0452555810806997
1.101756	0.04555908053372273
1.102524	0.04586081387938955
1.103292	0.04616109663802059
1.10406	0.0464602443299363
1.104828000000001	0.04675857247545712
1.105596000000001	0.04705639659490349
1.106364000000001	0.04735403220859585
1.107132000000001	0.04765179483685466
1.1079	0.04795
1.108599090909091	0.04822204687886079
1.109298181818182	0.04849464432530416
1.109997272727273	0.04876771478245427
1.110696363636364	0.04904118069343532
1.111395454545455	0.04931496450137149
1.112094545454546	0.04958898864938695
1.112793636363637	0.04986317558060589
1.113492727272728	0.05013744773815249
1.114191818181818	0.05041172756515094
1.114890909090909	0.05068593750472541
1.11559	0.05096
1.116358	0.05126083546037263
1.117126	0.05156142280037111
1.117894	0.051861785443438
1.118662	0.05216194681301591
1.119429999999999	0.05246193033254742
1.120197999999999	0.05276175942547511
1.120965999999999	0.05306145751524158
1.121733999999999	0.05336104802528943
1.122501999999999	0.05366055437906123
1.12327	0.05396
1.123969090909091	0.05423254456801724
1.124668181818182	0.05450507508535221
1.125367272727273	0.05477760841587968
1.126066363636364	0.05505016142347439
1.126765454545455	0.05532275097201112
1.127464545454546	0.05559539392536462
1.128163636363636	0.05586810714740963
1.128862727272727	0.05614090750202093
1.129561818181818	0.05641381185307327
1.130260909090909	0.0566868370644414
1.13096	0.05696
1.131659090909091	0.05723331098331152
1.132358181818182	0.05750675417668826
1.133057272727273	0.05778030720213015
1.133756363636364	0.05805394768163709
1.134455454545455	0.058327653237209
1.135154545454546	0.0586014014908458
1.135853636363636	0.05887517006454739
1.136552727272727	0.05914893658031371
1.137251818181818	0.05942267866014465
1.137950909090909	0.05969637392604014
1.13865	0.05997
1.139418	0.06027049583695573
1.140186	0.06057088125108216
1.140954	0.06087115633119394
1.141722	0.06117132116610578
1.14249	0.06147137584463236
1.143258000000001	0.06177132045558836
1.144026000000001	0.06207115508778848
1.144794000000001	0.0623708798300474
1.145562000000001	0.06267049477117978
1.14633	0.06297
1.147029090909091	0.06324254201307027
1.147728181818182	0.06351502516361045
1.148427272727273	0.06378748142310771
1.149126363636364	0.06405994276304922
1.149825454545455	0.06433244115492212
1.150524545454546	0.06460500857021359
1.151223636363637	0.06487767698041079
1.151922727272727	0.06515047835700087
1.152621818181818	0.06542344467147101
1.153320909090909	0.06569660789530836
1.15402	0.06597
1.154788	0.06627062456372132
1.155556	0.06657150083459597
1.156324	0.06687256570879799
1.157092	0.06717375608250144
1.157859999999999	0.06747500885188039
1.158627999999999	0.0677762609131089
1.159395999999999	0.068077449162361
1.160163999999999	0.06837851049581078
1.160931999999999	0.06867938180963228
1.1617	0.06898
1.162399090909091	0.06925338517842122
1.163098181818182	0.06952654094214154
1.163797272727273	0.06979949990234829
1.164496363636364	0.07007229467022889
1.165195454545455	0.0703449578569707
1.165894545454546	0.07061752207376111
1.166593636363636	0.07089001993178747
1.167292727272727	0.07116248404223717
1.167991818181818	0.07143494701629759
1.168690909090909	0.0717074414651561
1.16939	0.07198
1.170158	0.07227952945420806
1.170926	0.07257917229868938
1.171694	0.07287892522424082
1.172462	0.07317878492165923
1.17323	0.0734787480817415
1.173998000000001	0.07377881139528444
1.174766000000001	0.07407897155308495
1.175534000000001	0.07437922524593986
1.176302000000001	0.07467956916464605
1.17707	0.07498
1.177769090909091	0.07525354562791157
1.178468181818182	0.07552714775044893
1.179167272727273	0.07580079358511846
1.179866363636364	0.07607447034942655
1.180565454545455	0.07634816526087959
1.181264545454546	0.076621865536984
1.181963636363637	0.07689555839524614
1.182662727272727	0.07716923105317243
1.183361818181818	0.07744287072826926
1.184060909090909	0.07771646463804302
1.18476	0.07799
1.185528	0.07829041743870231
1.186296	0.07859074697056279
1.187064	0.07889098677408864
1.187832	0.07919113502778699
1.1886	0.07949118991016502
1.189368	0.07979114959972981
1.190135999999999	0.08009101227498855
1.190903999999999	0.08039077611444834
1.191671999999999	0.08069043929661633
1.19244	0.08099000000000001
1.193139090909091	0.08126259678793846
1.193838181818182	0.0815351352827178
1.194537272727273	0.08180764361437699
1.195236363636364	0.08208014991295498
1.195935454545455	0.08235268230849074
1.196634545454546	0.08262526893102323
1.197333636363636	0.0828979379105914
1.198032727272727	0.08317071737723421
1.198731818181818	0.08344363546099062
1.199430909090909	0.0837167202918996
1.20013	0.08399
1.200898	0.08429046188634666
1.201666	0.08459115212194303
1.202434	0.08489202991862491
1.203202	0.08519305448822811
1.20397	0.08549418504258845
1.204738000000001	0.08579538079354171
1.205506000000001	0.08609660095292374
1.206274000000001	0.0863978047325703
1.207042000000001	0.08669895134431724
1.20781	0.08699999999999999
1.208509090909091	0.08727391738225397
1.209208181818182	0.08754768903644296
1.209907272727273	0.08782128419795353
1.210606363636364	0.08809467210217221
1.211305454545455	0.08836782198448555
1.212004545454546	0.0886407030802801
1.212703636363637	0.08891328462494241
1.213402727272727	0.08918553585385901
1.214101818181818	0.08945742600241646
1.214800909090909	0.08972892430600131
1.2155	0.09
