0.300927
0.30862
0.3163
0.32399
0.33167
0.33936
0.34704
0.35473
0.36241
0.3701
0.37778
0.38547
0.39316
0.40084
0.40853
0.41621
0.4239
0.43158
0.43927
0.44695
0.45464
0.46232
0.47001
0.4777
0.48538
0.49307
0.50075
0.50844
0.51612
0.52381
0.53149
0.53918
0.54686
0.55455
0.56224
0.56992
0.57761
0.58529
0.59298
0.60066
0.60835
0.61603
0.62372
0.6314
0.63909
0.64678
0.65446
0.66215
0.66983
0.67752
0.6852
0.69289
0.70057
0.70826
0.71594
0.72363
0.73132
0.739
0.74669
0.75437
0.76206
0.76974
0.77743
0.78511
0.7928
0.80049
0.80817
0.81586
0.82354
0.83123
0.83891
0.8466
0.85428
0.86197
0.86965
0.87734
0.88503
0.89271
0.9004
0.90808
0.91577
0.92345
0.93114
0.93882
0.94651
0.95419
0.96188
0.96957
0.97725
0.98494
0.99262
1.00031
1.00799
1.01568
1.02336
1.03105
1.03873
1.04642
1.05411
1.06179
1.06948
1.07716
1.08485
1.09253
1.10022
1.1079
1.11559
1.12327
1.13096
1.13865
1.14633
1.15402
1.1617
1.16939
1.17707
1.18476
1.19244
1.20013
1.20781
1.2155
