0.300927	2.29
0.3016263636363636	2.293867638439462
0.3023257272727273	2.297829495536031
0.3030250909090909	2.301881474023193
0.3037244545454545	2.306019476634433
0.3044238181818182	2.310239406103234
0.3051231818181818	2.314537165163083
0.3058225454545455	2.318908656547463
0.3065219090909091	2.32334978298986
0.3072212727272727	2.327856447223759
0.3079206363636364	2.332424551982644
0.30862	2.33705
0.309388	2.342190581322976
0.310156	2.347389946872476
0.310924	2.352642670786639
0.311692	2.357943327203603
0.31246	2.363286490261507
0.313228	2.368666734098491
0.3139959999999999	2.374078632852693
0.3147639999999999	2.379516760662252
0.3155319999999999	2.384975691665308
0.3163	2.39045
0.316999090909091	2.395442725432889
0.3176981818181819	2.400444453479629
0.3183972727272728	2.405455940967349
0.3190963636363637	2.41047794472318
0.3197954545454547	2.415511221574251
0.3204945454545456	2.420556528347692
0.3211936363636365	2.425614621870634
0.3218927272727274	2.430686258970206
0.3225918181818184	2.435772196473537
0.3232909090909093	2.44087319120776
0.32399	2.44599
0.324758	2.451627932058758
0.325526	2.457272655137438
0.326294	2.462910961598672
0.327062	2.468529643805093
0.32783	2.474115494119335
0.3285979999999999	2.47965530490403
0.3293659999999999	2.485135868521811
0.3301339999999999	2.490543977335311
0.3309019999999999	2.495866423707163
0.33167	2.50109
0.3323690909090909	2.505751562192375
0.3330681818181819	2.510332941042412
0.3337672727272728	2.514846820790793
0.3344663636363637	2.519305885678198
0.3351654545454547	2.523722819945311
0.3358645454545456	2.528110307832811
0.3365636363636365	2.532481033581382
0.3372627272727274	2.536847681431705
0.3379618181818184	2.541222935624461
0.3386609090909093	2.545619480400333
0.33936	2.55005
0.340128	2.554967945130841
0.340896	2.559937695330133
0.341664	2.564954744936302
0.342432	2.570014588287777
0.3431999999999999	2.575112719722986
0.3439679999999999	2.580244633580356
0.3447359999999999	2.585405824198315
0.3455039999999999	2.59059178591529
0.3462719999999999	2.595798013069709
0.34704	2.60102
0.3477390909090909	2.605783417699424
0.3484381818181819	2.610553203836791
0.3491372727272728	2.61532640169222
0.3498363636363637	2.620100054545827
0.3505354545454546	2.624871205677732
0.3512345454545456	2.629636898368052
0.3519336363636365	2.634394175896905
0.3526327272727274	2.639140081544409
0.3533318181818184	2.643871658590681
0.3540309090909093	2.648585950315839
0.35473	2.65328
0.355498	2.658411094499074
0.356266	2.663517518391227
0.357034	2.668602598612464
0.357802	2.673669662098793
0.3585699999999999	2.678722035786218
0.3593379999999999	2.683763046610746
0.3601059999999999	2.688796021508382
0.3608739999999999	2.693824287415133
0.3616419999999999	2.698851171267003
0.36241	2.70388
0.3631090909090909	2.708461732349486
0.3638081818181819	2.713048063342713
0.3645072727272728	2.717639223396347
0.3652063636363637	2.722235442927054
0.3659054545454546	2.7268369523515
0.3666045454545456	2.731443982086351
0.3673036363636365	2.736056762548273
0.3680027272727274	2.740675524153934
0.3687018181818184	2.745300497319998
0.3694009090909093	2.749931912463132
0.3701	2.75457
0.370868	2.759672709954472
0.371636	2.764780950717972
0.372404	2.769891922407575
0.3731719999999999	2.775002825140356
0.3739399999999999	2.780110859033391
0.3747079999999999	2.785213224203754
0.3754759999999999	2.790307120768521
0.3762439999999999	2.795389748844768
0.3770119999999999	2.800458308549568
0.37778	2.80551
0.3784790909090909	2.810091808994099
0.3791781818181819	2.814657668412616
0.3798772727272728	2.819207925696291
0.3805763636363637	2.823742928285861
0.3812754545454546	2.828263023622065
0.3819745454545456	2.832768559145644
0.3826736363636365	2.837259882297335
0.3833727272727274	2.841737340517877
0.3840718181818183	2.84620128124801
0.3847709090909093	2.850652051928471
0.38547	2.85509
0.3861690909090909	2.859515675379183
0.3868681818181818	2.86393043788599
0.3875672727272728	2.868335849816237
0.3882663636363637	2.872733473465739
0.3889654545454546	2.877124871130314
0.3896645454545455	2.881511605105778
0.3903636363636365	2.885895237687947
0.3910627272727274	2.890277331172638
0.3917618181818183	2.894659447855666
0.3924609090909092	2.899043150032848
0.39316	2.90343
0.393928	2.908254253381731
0.394696	2.913083292176252
0.395464	2.917916217405288
0.396232	2.922752130090566
0.397	2.927590131253813
0.397768	2.932429321916755
0.3985359999999999	2.937268803101118
0.3993039999999999	2.942107675828629
0.4000719999999999	2.946945041121014
0.40084	2.95178
0.4015390909090909	2.956178506752757
0.4022381818181818	2.960574897668868
0.4029372727272728	2.964969795758848
0.4036363636363637	2.969363824033214
0.4043354545454546	2.973757605502484
0.4050345454545455	2.978151763177173
0.4057336363636365	2.982546920067799
0.4064327272727274	2.986943699184878
0.4071318181818183	2.991342723538927
0.4078309090909092	2.995744616140462
0.40853	3.00015
0.409298	3.0049942232229
0.410066	3.009843256184499
0.410834	3.014696943297545
0.411602	3.019555128974783
0.41237	3.024417657628958
0.4131379999999999	3.029284373672816
0.4139059999999999	3.034155121519104
0.4146739999999999	3.039029745580566
0.4154419999999999	3.04390809026995
0.41621	3.04879
0.416909090909091	3.053236888296508
0.4176081818181819	3.057686732800905
0.4183072727272728	3.062139664648369
0.4190063636363637	3.066595814974079
0.4197054545454547	3.071055314913215
0.4204045454545456	3.075518295600955
0.4211036363636365	3.07998488817248
0.4218027272727274	3.084455223762967
0.4225018181818184	3.088929433507598
0.4232009090909093	3.093407648541549
0.4239	3.09789
0.424668	3.102818097710264
0.425436	3.107745510948032
0.426204	3.112666404914635
0.426972	3.117574944811403
0.42774	3.122465295839667
0.4285079999999999	3.127331623200757
0.4292759999999999	3.132168092096005
0.4300439999999999	3.136968867726741
0.4308119999999999	3.141728115294295
0.43158	3.14644
0.4322790909090909	3.150684541056186
0.4329781818181819	3.15488979537798
0.4336772727272728	3.159060555806434
0.4343763636363637	3.163201615182599
0.4350754545454547	3.167317766347527
0.4357745454545456	3.17141380214227
0.4364736363636365	3.175494515407878
0.4371727272727274	3.179564698985404
0.4378718181818184	3.183629145715899
0.4385709090909093	3.187692648440414
0.43927	3.19176
0.440038	3.196237429638101
0.440806	3.200725751480622
0.441574	3.205225428481064
0.442342	3.209736923592928
0.4431099999999999	3.214260699769715
0.4438779999999999	3.218797219964924
0.4446459999999999	3.223346947132056
0.4454139999999999	3.227910344224612
0.4461819999999999	3.232487874196094
0.44695	3.23708
0.4476490909090909	3.241273207738355
0.4483481818181819	3.245479431552835
0.4490472727272728	3.249699209811268
0.4497463636363637	3.253933080881478
0.4504454545454546	3.258181583131289
0.4511445454545456	3.262445254928528
0.4518436363636365	3.266724634641018
0.4525427272727274	3.271020260636586
0.4532418181818184	3.275332671283055
0.4539409090909093	3.279662404948252
0.45464	3.28401
0.455408	3.288806844952259
0.456176	3.293623485364948
0.456944	3.298457510861052
0.457712	3.303306511063553
0.4584799999999999	3.308168075595436
0.4592479999999999	3.313039794079684
0.4600159999999999	3.31791925613928
0.4607839999999999	3.322804051397209
0.4615519999999999	3.327691769476454
0.46232	3.33258
0.4630190909090909	3.337028140878985
0.4637181818181819	3.34147346797117
0.4644172727272728	3.345914740116585
0.4651163636363637	3.350350716155262
0.4658154545454546	3.354780154927234
0.4665145454545456	3.35920181527253
0.4672136363636365	3.363614456031184
0.4679127272727274	3.368016836043227
0.4686118181818184	3.372407714148689
0.4693109090909093	3.376785849187604
0.47001	3.38115
0.4707090909090909	3.38549935538216
0.4714081818181818	3.389834823955348
0.4721072727272728	3.394157744297077
0.4728063636363637	3.398469454984861
0.4735054545454546	3.402771294596214
0.4742045454545455	3.407064601708647
0.4749036363636365	3.411350714899676
0.4756027272727274	3.415630972746812
0.4763018181818183	3.41990671382757
0.4770009090909093	3.424179276719462
0.4777	3.42845
0.478468	3.433141002577288
0.479236	3.437832231901228
0.480004	3.442524519393719
0.480772	3.447218696476659
0.48154	3.451915594571946
0.482308	3.456616045101476
0.4830759999999999	3.46132087948715
0.4838439999999999	3.466030929150862
0.4846119999999999	3.470747025514513
0.48538	3.47547
0.4860790909090909	3.479775251010905
0.4867781818181818	3.48408371238474
0.4874772727272728	3.488392206357378
0.4881763636363637	3.49269755516469
0.4888754545454546	3.496996581042549
0.4895745454545455	3.501286106226825
0.4902736363636365	3.505562952953393
0.4909727272727274	3.509823943458122
0.4916718181818183	3.514065899976885
0.4923709090909092	3.518285644745554
0.49307	3.52248
0.493838	3.527055760045431
0.494606	3.531598945616137
0.495374	3.53611145880302
0.496142	3.540595201696982
0.49691	3.545052076388928
0.497678	3.549483984969759
0.4984459999999999	3.553892829530379
0.4992139999999999	3.558280512161691
0.4999819999999999	3.562648934954596
0.50075	3.567
0.501449090909091	3.57094718425654
0.5021481818181819	3.574883040747416
0.5028472727272728	3.578809048262263
0.5035463636363637	3.582726685590714
0.5042454545454547	3.586637431522402
0.5049445454545456	3.590542764846961
0.5056436363636365	3.594444164354025
0.5063427272727274	3.598343108833228
0.5070418181818184	3.602241077074202
0.5077409090909093	3.606139547866582
0.50844	3.61004
0.509208	3.61432860153038
0.509976	3.618621173302329
0.510744	3.622917509681061
0.511512	3.627217405031789
0.51228	3.631520653719725
0.5130479999999999	3.635827050110084
0.5138159999999999	3.640136388568077
0.5145839999999999	3.644448463458919
0.5153519999999999	3.648763069147822
0.51612	3.65308
0.516819090909091	3.657011637345151
0.5175181818181819	3.660946055458386
0.5182172727272728	3.66488427886673
0.5189163636363637	3.668827332097203
0.5196154545454547	3.672776239676828
0.5203145454545456	3.676732026132626
0.5210136363636365	3.680695715991621
0.5217127272727274	3.684668333780833
0.5224118181818184	3.688650904027286
0.5231109090909093	3.692644451258002
0.52381	3.69665
0.524578	3.701064802211096
0.525346	3.705492928317852
0.526114	3.709931981675137
0.526882	3.714379565637821
0.52765	3.718833283560773
0.5284179999999999	3.723290738798863
0.5291859999999999	3.727749534706962
0.5299539999999999	3.732207274639937
0.5307219999999999	3.73666156195266
0.53149	3.74111
0.5321890909090909	3.745152763791791
0.5328881818181819	3.749190310428154
0.5335872727272728	3.753224255314173
0.5342863636363637	3.757256213854932
0.5349854545454547	3.761287801455515
0.5356845454545456	3.765320633521005
0.5363836363636365	3.769356325456487
0.5370827272727274	3.773396492667043
0.5377818181818184	3.777442750557758
0.5384809090909093	3.781496714533716
0.53918	3.78556
0.539948	3.790035217995718
0.540716	3.794518264656927
0.541484	3.799003769401091
0.542252	3.803486361645675
0.5430199999999999	3.807960670808142
0.5437879999999999	3.812421326305959
0.5445559999999999	3.816862957556589
0.5453239999999999	3.821280193977496
0.5460919999999999	3.825667664986145
0.54686	3.83002
0.5475590909090909	3.833947916151074
0.5482581818181819	3.837845263685575
0.5489572727272728	3.84171503773229
0.5496563636363637	3.845560233420004
0.5503554545454546	3.849383845877504
0.5510545454545456	3.853188870233574
0.5517536363636365	3.856978301617002
0.5524527272727274	3.860755135156573
0.5531518181818184	3.864522365981072
0.5538509090909093	3.868282989219286
0.55455	3.87204
0.5552490909090909	3.875795923652433
0.5559481818181818	3.879551406307527
0.5566472727272728	3.883306624296658
0.5573463636363637	3.8870617539512
0.5580454545454546	3.890816971602528
0.5587445454545455	3.894572453582017
0.5594436363636365	3.898328376221043
0.5601427272727274	3.902084915850978
0.5608418181818183	3.905842248803201
0.5615409090909093	3.909600551409083
0.56224	3.91336
0.563008	3.917491440899399
0.5637759999999999	3.921624076297725
0.5645439999999999	3.925757504849595
0.5653119999999999	3.929891325209631
0.5660799999999999	3.934025136032452
0.5668479999999999	3.938158535972676
0.5676159999999999	3.942291123684923
0.5683839999999999	3.946422497823813
0.5691519999999999	3.950552257043966
0.56992	3.95468
0.5706190909090909	3.958435429834725
0.5713181818181818	3.962189403936315
0.5720172727272728	3.965942469802591
0.5727163636363637	3.969695174931374
0.5734154545454546	3.973448066820485
0.5741145454545455	3.977201692967745
0.5748136363636365	3.980956600870975
0.5755127272727274	3.984713338027994
0.5762118181818183	3.988472451936625
0.5769109090909093	3.992234490094686
0.57761	3.996
0.5783779999999999	4.000141187037108
0.5791459999999999	4.004287102602698
0.5799139999999999	4.008437624578831
0.5806819999999999	4.012592630847568
0.5814499999999999	4.016751999290967
0.5822179999999999	4.020915607791088
0.5829859999999999	4.025083334229992
0.5837539999999999	4.029255056489738
0.5845219999999999	4.033430652452388
0.58529	4.03761
0.5859890909090909	4.041417499414919
0.5866881818181818	4.045227833936518
0.5873872727272728	4.049040831295515
0.5880863636363637	4.052856319222627
0.5887854545454546	4.056674125448573
0.5894845454545455	4.060494077704073
0.5901836363636365	4.064316003719844
0.5908827272727274	4.068139731226603
0.5915818181818183	4.07196508795507
0.5922809090909092	4.075791901635964
0.59298	4.07962
0.5937479999999999	4.083826628336224
0.5945159999999999	4.08803389194105
0.5952839999999999	4.092241083560732
0.5960519999999999	4.096447495941528
0.5968199999999999	4.100652421829692
0.5975879999999999	4.104855153971481
0.5983559999999999	4.109054985113151
0.5991239999999999	4.113251208000957
0.5998919999999999	4.117443115381154
0.60066	4.12163
0.6013590909090909	4.125436641792461
0.6020581818181818	4.129240345123361
0.6027572727272728	4.133042919420997
0.6034563636363637	4.136846174113663
0.6041554545454546	4.140651918629655
0.6048545454545455	4.144461962397269
0.6055536363636365	4.1482781148448
0.6062527272727274	4.152102185400543
0.6069518181818183	4.155935983492793
0.6076509090909092	4.159781318549848
0.6083499999999999	4.16364
0.6091179999999999	4.167894794250053
0.6098859999999999	4.172159630700982
0.6106539999999999	4.176426260673287
0.6114219999999999	4.180686435487469
0.6121899999999999	4.184931906464028
0.6129579999999999	4.189154424923466
0.6137259999999999	4.19334574218628
0.6144939999999999	4.197497609572975
0.6152619999999999	4.201601778404047
0.61603	4.20565
0.6167290909090909	4.209281377793682
0.6174281818181818	4.212865246697481
0.6181272727272727	4.216407290549052
0.6188263636363637	4.21991319318605
0.6195254545454546	4.223388638446131
0.6202245454545455	4.226839310166947
0.6209236363636365	4.230270892186156
0.6216227272727274	4.233689068341411
0.6223218181818183	4.237099522470366
0.6230209090909092	4.240507938410678
0.6237200000000001	4.24392
0.624488	4.24767785289257
0.625256	4.251445479068196
0.626024	4.255221392471349
0.626792	4.259004107046506
0.62756	4.262792136738137
0.628328	4.266583995490718
0.629096	4.270378197248721
0.629864	4.274173255956621
0.630632	4.277967685558889
0.6314	4.28176
0.6320990909090909	4.285209197276339
0.6327981818181818	4.288655742167607
0.6334972727272727	4.292099966256465
0.6341963636363637	4.295542201125574
0.6348954545454546	4.298982778357598
0.6355945454545455	4.302422029535197
0.6362936363636365	4.305860286241035
0.6369927272727274	4.309297880057772
0.6376918181818183	4.312735142568071
0.6383909090909092	4.316172405354593
0.63909	4.31961
0.639789090909091	4.323048190260939
0.6404881818181819	4.326486968589991
0.6411872727272728	4.329926259613724
0.6418863636363638	4.333365987958701
0.6425854545454547	4.336806078251492
0.6432845454545456	4.340246455118661
0.6439836363636365	4.343687043186774
0.6446827272727275	4.347127767082399
0.6453818181818184	4.350568551432101
0.6460809090909093	4.354009320862446
0.64678	4.35745
0.647548	4.361229700753337
0.648316	4.365009516659712
0.649084	4.368789762807291
0.649852	4.37257075428424
0.65062	4.376352806178725
0.651388	4.380136233578912
0.652156	4.383921351572967
0.6529239999999999	4.387708475249056
0.6536919999999999	4.391497919695345
0.65446	4.39529
0.655159090909091	4.398744515839869
0.6558581818181819	4.402202457935033
0.6565572727272728	4.405664807386827
0.6572563636363637	4.409132545296583
0.6579554545454547	4.41260665276564
0.6586545454545456	4.41608811089533
0.6593536363636365	4.419577900786988
0.6600527272727275	4.423077003541949
0.6607518181818184	4.426586400261549
0.6614509090909093	4.430107072047121
0.66215	4.43364
0.662918	4.437535884914633
0.663686	4.441445577142463
0.664454	4.445366908531488
0.665222	4.449297710929707
0.66599	4.453235816185117
0.666758	4.457179056145718
0.667526	4.461125262659509
0.6682939999999999	4.465072267574487
0.6690619999999999	4.469017902738651
0.66983	4.47296
0.670529090909091	4.476543870685846
0.6712281818181819	4.480123683628305
0.6719272727272728	4.483700109120357
0.6726263636363637	4.487273817454984
0.6733254545454547	4.490845478925169
0.6740245454545456	4.494415763823895
0.6747236363636365	4.497985342444142
0.6754227272727275	4.501554885078895
0.6761218181818184	4.505125062021134
0.6768209090909093	4.508696543563842
0.67752	4.51227
0.678288	4.51619850709018
0.679056	4.520129547585858
0.679824	4.524062462535793
0.680592	4.527996592988738
0.68136	4.531931279993452
0.682128	4.535865864598689
0.6828959999999999	4.539799687853206
0.6836639999999999	4.54373209080576
0.6844319999999999	4.547662414505106
0.6852	4.55159
0.685899090909091	4.555162462401583
0.6865981818181819	4.558732917793698
0.6872972727272728	4.562302174049698
0.6879963636363637	4.565871039042937
0.6886954545454547	4.569440320646769
0.6893945454545456	4.573010826734546
0.6900936363636365	4.576583365179623
0.6907927272727274	4.580158743855354
0.6914918181818184	4.583737770635091
0.6921909090909093	4.587321253392189
0.69289	4.59091
0.693658	4.594858825719983
0.694426	4.598811900323242
0.695194	4.602766145001883
0.695962	4.606718480948013
0.69673	4.610665829353737
0.697498	4.614605111411162
0.6982659999999999	4.618533248312394
0.6990339999999999	4.62244716124954
0.6998019999999999	4.626343771414707
0.70057	4.63022
0.701269090909091	4.633728529038788
0.7019681818181819	4.637217779442392
0.7026672727272728	4.640687911850257
0.7033663636363637	4.644139086901828
0.7040654545454547	4.64757146523655
0.7047645454545456	4.650985207493869
0.7054636363636365	4.654380474313229
0.7061627272727274	4.657757426334078
0.7068618181818184	4.661116224195859
0.7075609090909093	4.664457028538018
0.70826	4.66778
0.709028	4.671410553514252
0.709796	4.675022410815115
0.710564	4.678618203523087
0.711332	4.682200563258669
0.7121	4.685772121642362
0.7128679999999999	4.689335510294666
0.7136359999999999	4.692893360836082
0.7144039999999999	4.696448304887109
0.7151719999999999	4.700002974068248
0.71594	4.70356
0.7166390909090909	4.706801727698419
0.7173381818181819	4.710047105398355
0.7180372727272728	4.71329564973759
0.7187363636363637	4.716546877353905
0.7194354545454547	4.719800304885082
0.7201345454545456	4.723055448968903
0.7208336363636365	4.726311826243147
0.7215327272727274	4.729568953345598
0.7222318181818184	4.732826346914035
0.7229309090909093	4.736083523586244
0.72363	4.73934
0.7243290909090909	4.742595407908118
0.7250281818181818	4.74584983952351
0.7257272727272728	4.74910350217412
0.7264263636363637	4.752356603187891
0.7271254545454546	4.755609349892767
0.7278245454545456	4.758861949616689
0.7285236363636365	4.7621146096876
0.7292227272727274	4.765367537433444
0.7299218181818183	4.768620940182164
0.7306209090909093	4.771875025261702
0.73132	4.77513
0.732088	4.778706992747673
0.732856	4.782285009380216
0.7336239999999999	4.785863749878495
0.7343919999999999	4.78944291422338
0.7351599999999999	4.793022202395737
0.7359279999999999	4.796601314376435
0.7366959999999999	4.800179950146343
0.7374639999999999	4.803757809686327
0.7382319999999999	4.807334592977257
0.739	4.81091
0.7396990909090909	4.814163243931618
0.7403981818181818	4.817415420301681
0.7410972727272728	4.820666850520113
0.7417963636363637	4.823917855996842
0.7424954545454546	4.827168758141793
0.7431945454545456	4.830419878364892
0.7438936363636365	4.833671538076064
0.7445927272727274	4.836924058685234
0.7452918181818183	4.84017776160233
0.7459909090909093	4.843432968237277
0.74669	4.84669
0.747458	4.850270349987874
0.7482259999999999	4.853852441595861
0.7489939999999999	4.857435425884096
0.7497619999999999	4.861018453912713
0.7505299999999999	4.864600676741847
0.7512979999999999	4.868181245431634
0.7520659999999999	4.871759311042207
0.7528339999999999	4.875334024633703
0.7536019999999999	4.878904537266255
0.75437	4.88247
0.7550690909090909	4.885710642605767
0.7557681818181818	4.888946950884821
0.7564672727272728	4.892179478287499
0.7571663636363637	4.895408778264139
0.7578654545454546	4.898635404265081
0.7585645454545455	4.901859909740661
0.7592636363636365	4.905082848141221
0.7599627272727274	4.908304772917096
0.7606618181818183	4.911526237518625
0.7613609090909093	4.914747795396147
0.76206	4.91797
0.762828	4.921511051893114
0.7635959999999999	4.925053275263739
0.7643639999999999	4.928596393150049
0.7651319999999999	4.932140128590217
0.7658999999999999	4.935684204622419
0.7666679999999999	4.939228344284826
0.7674359999999999	4.942772270615615
0.7682039999999999	4.946315706652957
0.7689719999999999	4.949858375435028
0.76974	4.9534
0.7704390909090909	4.956622774365475
0.7711381818181818	4.959844634420693
0.7718372727272728	4.963065760584101
0.7725363636363637	4.966286333274147
0.7732354545454546	4.96950653290928
0.7739345454545455	4.972726539907948
0.7746336363636365	4.9759465346886
0.7753327272727274	4.979166697669683
0.7760318181818183	4.982387209269645
0.7767309090909092	4.985608249906935
0.77743	4.98883
0.7781979999999999	4.992370277931246
0.7789659999999999	4.995911441284294
0.7797339999999999	4.999453301531696
0.7805019999999999	5.002995670146009
0.7812699999999999	5.006538358599785
0.7820379999999999	5.010081178365578
0.7828059999999999	5.013623940915942
0.7835739999999999	5.017166457723431
0.7843419999999999	5.020708540260599
0.78511	5.02425
0.7858090909090909	5.027473034428269
0.7865081818181818	5.030695458391685
0.7872072727272728	5.033917333689376
0.7879063636363637	5.037138722120468
0.7886054545454546	5.040359685484089
0.7893045454545455	5.043580285579363
0.7900036363636365	5.04680058420542
0.7907027272727274	5.050020643161385
0.7914018181818183	5.053240524246386
0.7921009090909092	5.056460289259549
0.7927999999999999	5.05968
0.7934990909090909	5.062899717582648
0.7941981818181818	5.066119500385522
0.7948972727272727	5.069339406102428
0.7955963636363637	5.072559492427179
0.7962954545454546	5.075779817053581
0.7969945454545455	5.079000437675445
0.7976936363636364	5.082221411986579
0.7983927272727274	5.085442797680793
0.7990918181818183	5.088664652451895
0.7997909090909092	5.091887033993694
0.80049	5.09511
0.801258	5.098651363347779
0.802026	5.102193389517176
0.802794	5.105735966337769
0.803562	5.109278981639137
0.80433	5.112822323250858
0.805098	5.11636587900251
0.805866	5.119909536723672
0.806634	5.123453184243922
0.807402	5.126996709392838
0.8081700000000001	5.13054
0.808869090909091	5.133765052950756
0.8095681818181819	5.136989637789722
0.8102672727272728	5.140213573690777
0.8109663636363638	5.143436679827802
0.8116654545454547	5.146658775374674
0.8123645454545456	5.149879679505275
0.8130636363636365	5.153099211393485
0.8137627272727275	5.156317190213183
0.8144618181818184	5.159533435138248
0.8151609090909093	5.16274776534256
0.81586	5.16596
0.816628	5.16948598325709
0.817396	5.1730074846787
0.818164	5.176522769681711
0.818932	5.180030103683003
0.8197	5.183527752099458
0.820468	5.187013980347956
0.821236	5.190487053845379
0.822004	5.193945238008606
0.8227719999999999	5.197386798254519
0.82354	5.20081
0.824239090909091	5.203909176518489
0.8249381818181819	5.20699368009327
0.8256372727272728	5.210065486907378
0.8263363636363638	5.213126573143844
0.8270354545454547	5.216178914985704
0.8277345454545456	5.21922448861599
0.8284336363636365	5.222265270217737
0.8291327272727275	5.225303235973978
0.8298318181818184	5.228340362067747
0.8305309090909093	5.231378624682076
0.83123	5.23442
0.831998	5.237766523535768
0.832766	5.241118330407884
0.833534	5.244474562403902
0.834302	5.24783436131138
0.83507	5.251196868917872
0.835838	5.254561227010934
0.836606	5.257926577378123
0.837374	5.261292061806992
0.8381419999999999	5.264656822085099
0.83891	5.26802
0.839609090909091	5.271079474537593
0.8403081818181819	5.274137231380049
0.8410072727272728	5.277193575092938
0.8417063636363638	5.28024881024183
0.8424054545454547	5.283303241392295
0.8431045454545456	5.286357173109901
0.8438036363636365	5.289410909960219
0.8445027272727275	5.292464756508818
0.8452018181818184	5.295519017321269
0.8459009090909093	5.29857399696314
0.8466	5.30163
0.847368	5.304988657748007
0.848136	5.308348623018664
0.848904	5.311709600678642
0.849672	5.315071295594616
0.85044	5.318433412633256
0.851208	5.321795656661235
0.851976	5.325157732545228
0.8527439999999999	5.328519345151904
0.8535119999999999	5.331880199347937
0.85428	5.33524
0.854979090909091	5.338297245092863
0.8556781818181819	5.341353562522965
0.8563772727272728	5.344409142141397
0.8570763636363637	5.347464173799255
0.8577754545454547	5.35051884734763
0.8584745454545456	5.353573352637618
0.8591736363636365	5.35662787952031
0.8598727272727275	5.359682617846802
0.8605718181818184	5.362737757468184
0.8612709090909093	5.365793488235553
0.86197	5.36885
0.862738	5.372208843688384
0.863506	5.375568670188189
0.864274	5.378929290637767
0.865042	5.382290516175471
0.86581	5.385652157939651
0.866578	5.389014027068659
0.867346	5.392375934700846
0.8681139999999999	5.395737691974564
0.8688819999999999	5.399099110028165
0.86965	5.40246
0.870349090909091	5.405518735571975
0.8710481818181819	5.408576861548201
0.8717472727272728	5.411634362392158
0.8724463636363637	5.41469122256733
0.8731454545454547	5.417747426537198
0.8738445454545456	5.420802958765243
0.8745436363636365	5.423857803714949
0.8752427272727274	5.426911945849795
0.8759418181818184	5.429965369633265
0.8766409090909093	5.433018059528839
0.87734	5.43607
0.8780390909090909	5.439121237538985
0.8787381818181819	5.44217206675305
0.8794372727272728	5.445222844278206
0.8801363636363637	5.448273926750463
0.8808354545454546	5.451325670805831
0.8815345454545456	5.454378433080323
0.8822336363636365	5.457432570209948
0.8829327272727274	5.460488438830717
0.8836318181818184	5.463546395578642
0.8843309090909093	5.466606797089733
0.88503	5.46967
0.885798	5.473038367841264
0.886566	5.476408454934001
0.887334	5.479778169238801
0.8881019999999999	5.483145418716258
0.8888699999999999	5.486508111326966
0.8896379999999999	5.489864155031515
0.8904059999999999	5.493211457790501
0.8911739999999999	5.496547927564515
0.8919419999999999	5.499871472314151
0.89271	5.50318
0.8934090909090909	5.506177397504306
0.8941081818181819	5.509162338137225
0.8948072727272728	5.512136541628326
0.8955063636363637	5.515101727707179
0.8962054545454546	5.518059616103353
0.8969045454545456	5.521011926546416
0.8976036363636365	5.523960378765939
0.8983027272727274	5.526906692491489
0.8990018181818183	5.529852587452638
0.8997009090909093	5.532799783378952
0.9004	5.53575
0.901168	5.538996028557149
0.901936	5.542246943387386
0.902704	5.545501909758539
0.9034719999999999	5.54876009293844
0.9042399999999999	5.552020658194918
0.9050079999999999	5.555282770795802
0.9057759999999999	5.558545596008923
0.9065439999999999	5.561808299102109
0.9073119999999999	5.565070045343191
0.90808	5.56833
0.9087790909090909	5.571295350871018
0.9094781818181819	5.5742588475289
0.9101772727272728	5.577220811926018
0.9108763636363637	5.580181566014743
0.9115754545454546	5.583141431747446
0.9122745454545456	5.586100731076499
0.9129736363636365	5.589059785954273
0.9136727272727274	5.592018918333139
0.9143718181818183	5.594978450165468
0.9150709090909093	5.597938703403631
0.91577	5.6009
0.916538	5.604154653993718
0.917306	5.607410648520206
0.9180739999999999	5.610667676380199
0.9188419999999999	5.613925430374432
0.9196099999999999	5.617183603303639
0.9203779999999999	5.620441887968555
0.9211459999999999	5.623699977169914
0.9219139999999999	5.626957563708452
0.9226819999999999	5.630214340384902
0.92345	5.63347
0.9241490909090909	5.636432389459821
0.9248481818181818	5.639393819794557
0.9255472727272728	5.642354512021308
0.9262463636363637	5.645314687157177
0.9269454545454546	5.648274566219263
0.9276445454545456	5.651234370224668
0.9283436363636365	5.654194320190492
0.9290427272727274	5.657154637133837
0.9297418181818183	5.660115542071802
0.9304409090909093	5.66307725602149
0.93114	5.66604
0.931908	5.66929613224753
0.9326759999999999	5.672553475751204
0.9334439999999999	5.675811731936005
0.9342119999999999	5.679070602226918
0.9349799999999999	5.682329788048932
0.9357479999999999	5.685588990827032
0.9365159999999999	5.688847911986202
0.9372839999999999	5.692106252951429
0.9380519999999999	5.695363715147701
0.93882	5.69862
0.9395190909090909	5.701582909822413
0.9402181818181818	5.704544802398524
0.9409172727272728	5.707505883428333
0.9416163636363637	5.710466358611839
0.9423154545454546	5.713426433649046
0.9430145454545455	5.716386314239952
0.9437136363636365	5.719346206084559
0.9444127272727274	5.722306314882867
0.9451118181818183	5.725266846334875
0.9458109090909093	5.728228006140587
0.94651	5.73119
0.947278	5.734445079557936
0.9480459999999999	5.737701188111437
0.9488139999999999	5.740958099824003
0.9495819999999999	5.744215588859138
0.9503499999999999	5.747473429380343
0.9511179999999999	5.75073139555112
0.9518859999999999	5.753989261534972
0.9526539999999999	5.757246801495402
0.9534219999999999	5.76050378959591
0.95419	5.76376
0.9548890909090909	5.766723222811438
0.9555881818181818	5.769685706291404
0.9562872727272728	5.772647542635687
0.9569863636363637	5.775608824040075
0.9576854545454546	5.778569642700358
0.9583845454545455	5.781530090812324
0.9590836363636365	5.784490260571762
0.9597827272727274	5.78745024417446
0.9604818181818183	5.790410133816207
0.9611809090909093	5.793370021692791
0.96188	5.79633
0.9625790909090909	5.799290151844372
0.9632781818181818	5.802250523975427
0.9639772727272727	5.805211154053434
0.9646763636363637	5.808172079738662
0.9653754545454546	5.811133338691379
0.9660745454545455	5.814094968571854
0.9667736363636364	5.817057007040356
0.9674727272727274	5.820019491757153
0.9681718181818183	5.822982460382513
0.9688709090909092	5.825945950576706
0.96957	5.82891
0.970338	5.832166864276677
0.971106	5.835424260676452
0.971874	5.838682000963439
0.972642	5.841939896901753
0.97341	5.845197760255512
0.974178	5.848455402788828
0.974946	5.85171263626582
0.975714	5.854969272450603
0.976482	5.858225123107291
0.97725	5.86148
0.9779490909090909	5.864441889625038
0.9786481818181818	5.8674030535532
0.9793472727272727	5.870363728920562
0.9800463636363637	5.873324152863203
0.9807454545454546	5.8762845625172
0.9814445454545455	5.879245195018631
0.9821436363636364	5.882206287503572
0.9828427272727274	5.885168077108102
0.9835418181818183	5.888130800968298
0.9842409090909092	5.891094696220239
0.98494	5.89406
0.985708	5.8973193922254
0.986476	5.900580447524078
0.987244	5.903842842891437
0.988012	5.907106255322882
0.98878	5.910370361813817
0.989548	5.913634839359646
0.990316	5.916899364955775
0.991084	5.920163615597607
0.991852	5.923427268280547
0.9926199999999999	5.92669
0.9933190909090909	5.929658978068478
0.9940181818181818	5.932627097806036
0.9947172727272727	5.935594531633568
0.9954163636363637	5.938561451971966
0.9961154545454546	5.941528031242124
0.9968145454545455	5.944494441864934
0.9975136363636364	5.947460856261287
0.9982127272727274	5.950427446852077
0.9989118181818183	5.953394386058198
0.9996109090909092	5.956361846300542
1.00031	5.95933
1.001078	5.962591655951499
1.001846	5.965854153352694
1.002614	5.969117288663993
1.003382	5.972380858345798
1.00415	5.975644658858517
1.004918	5.978908486662554
1.005685999999999	5.982172138218316
1.006453999999999	5.985435409986207
1.007221999999999	5.988698098426632
1.00799	5.99196
1.008689090909091	5.9949284206301
1.009388181818182	5.997896168376928
1.010087272727273	6.000863391008053
1.010786363636364	6.003830236291043
1.011485454545455	6.006796851993468
1.012184545454546	6.009763385882897
1.012883636363636	6.012729985726898
1.013582727272727	6.015696799293039
1.014281818181818	6.018663974348891
1.014980909090909	6.021631658662022
1.01568	6.0246
1.016448	6.027861798100381
1.017216	6.03112437541977
1.017984	6.03438753990934
1.018752	6.037651099520266
1.01952	6.040914862203721
1.020288000000001	6.044178635910878
1.021056000000001	6.047442228592911
1.021824000000001	6.050705448200994
1.022592000000001	6.053968102686301
1.02336	6.05723
1.024059090909091	6.060198449158492
1.024758181818182	6.06316624960247
1.025457272727273	6.066133539141355
1.026156363636364	6.069100455584573
1.026855454545455	6.072067136741547
1.027554545454546	6.0750337204217
1.028253636363637	6.078000344434456
1.028952727272727	6.080967146589241
1.029651818181818	6.083934264695478
1.030350909090909	6.08690183656259
1.03105	6.08987
1.031818	6.093131524459342
1.032586	6.09639377853131
1.033354	6.099656611572892
1.034122	6.102919872941074
1.034889999999999	6.106183411992842
1.035657999999999	6.109447078085182
1.036425999999999	6.112710720575081
1.037193999999999	6.115974188819525
1.037961999999999	6.119237332175501
1.03873	6.1225
1.039429090909091	6.125469405994512
1.040128181818182	6.128438316189575
1.040827272727273	6.131406753633857
1.041526363636364	6.134374741376024
1.042225454545455	6.137342302464742
1.042924545454545	6.140309459948681
1.043623636363636	6.143276236876505
1.044322727272727	6.146242656296883
1.045021818181818	6.149208741258479
1.045720909090909	6.152174514809963
1.04642	6.15514
1.047119090909091	6.158105236483454
1.047818181818182	6.16107033033997
1.048517272727273	6.164035404255387
1.049216363636364	6.167000580915545
1.049915454545455	6.169965983006285
1.050614545454545	6.172931733213447
1.051313636363636	6.175897954222871
1.052012727272727	6.178864768720399
1.052711818181818	6.18183229939187
1.053410909090909	6.184800668923123
1.05411	6.18777
1.054878	6.191033192786659
1.055646	6.194297386139173
1.056414	6.197562272113126
1.057182	6.2008275427641
1.05795	6.204092890147678
1.058717999999999	6.20735800631944
1.059485999999999	6.210622583334971
1.060253999999999	6.213886313249852
1.061021999999999	6.217148888119667
1.06179	6.22041
1.062489090909091	6.223377069642785
1.063188181818182	6.226343003438526
1.063887272727273	6.22930813293581
1.064586363636364	6.232272789683224
1.065285454545455	6.235237305229353
1.065984545454546	6.238202011122785
1.066683636363637	6.241167238912105
1.067382727272727	6.244133320145901
1.068081818181818	6.247100586372757
1.068780909090909	6.250069369141262
1.06948	6.25304
1.070248	6.25630575912193
1.071016	6.259573324727306
1.071784	6.26284187279134
1.072552	6.266110579289247
1.073319999999999	6.269378620196242
1.074087999999999	6.272645171487536
1.074855999999999	6.275909409138345
1.075623999999999	6.279170509123881
1.076391999999999	6.282427647419361
1.07716	6.28568
1.077859090909091	6.288636061241105
1.078558181818182	6.291589151429759
1.079257272727273	6.294540947743129
1.079956363636364	6.297493127358384
1.080655454545455	6.300447367452691
1.081354545454545	6.303405345203217
1.082053636363636	6.306368737787129
1.082752727272727	6.309339222381596
1.083451818181818	6.312318476163786
1.084150909090909	6.315308176310864
1.08485	6.31831
1.085618	6.32162310070921
1.086386	6.324951581110034
1.087154	6.328294165425687
1.087922	6.331649577879376
1.08869	6.33501654269431
1.089458	6.338393784093699
1.090225999999999	6.341780026300754
1.090993999999999	6.345173993538682
1.091761999999999	6.348574410030692
1.09253	6.35198
1.093229090909091	6.355083553928738
1.093928181818182	6.358190034204864
1.094627272727273	6.361299137541577
1.095326363636364	6.364410560652072
1.096025454545455	6.367524000249547
1.096724545454546	6.370639153047199
1.097423636363636	6.373755715758223
1.098122727272727	6.37687338509582
1.098821818181818	6.379991857773184
1.099520909090909	6.383110830503512
1.10022	6.38623
1.100988	6.389656547648448
1.101756	6.393082908005489
1.102524	6.396509022334698
1.103292	6.399934831899647
1.10406	6.40336027796391
1.104828000000001	6.40678530179106
1.105596000000001	6.410209844644672
1.106364000000001	6.413633847788317
1.107132000000001	6.41705725248557
1.1079	6.42048
1.108599090909091	6.423595047197309
1.109298181818182	6.426709624399526
1.109997272727273	6.429823854822163
1.110696363636364	6.432937861680735
1.111395454545455	6.436051768190754
1.112094545454546	6.439165697567733
1.112793636363637	6.442279773027186
1.113492727272728	6.445394117784627
1.114191818181818	6.448508855055567
1.114890909090909	6.451624108055521
1.11559	6.45474
1.116358	6.458163849875045
1.117126	6.461588438412256
1.117894	6.465013584457068
1.118662	6.468439106854913
1.119429999999999	6.471864824451226
1.120197999999999	6.475290556091441
1.120965999999999	6.478716120620991
1.121733999999999	6.482141336885311
1.122501999999999	6.485566023729834
1.12327	6.48899
1.123969090909091	6.49210602179178
1.124668181818182	6.495221370147285
1.125367272727273	6.498336110516733
1.126066363636364	6.501450308350336
1.126765454545455	6.504564029098311
1.127464545454546	6.507677338210872
1.128163636363636	6.510790301138234
1.128862727272727	6.513902983330614
1.129561818181818	6.517015450238224
1.130260909090909	6.520127767311283
1.13096	6.52324
1.131659090909091	6.52635221547588
1.132358181818182	6.529464487795556
1.133057272727273	6.532576892736945
1.133756363636364	6.535689506077967
1.134455454545455	6.53880240359654
1.135154545454546	6.541915661070584
1.135853636363636	6.545029354278015
1.136552727272727	6.548143558996754
1.137251818181818	6.551258351004719
1.137950909090909	6.554373806079828
1.13865	6.55749
1.139418	6.560914243918417
1.140186	6.564339248664981
1.140954	6.567764791935934
1.141722	6.57119065142752
1.14249	6.574616604835985
1.143258000000001	6.57804242985757
1.144026000000001	6.58146790418852
1.144794000000001	6.58489280552508
1.145562000000001	6.588316911563494
1.14633	6.59174
1.147029090909091	6.594854938195134
1.147728181818182	6.597969040759428
1.148427272727273	6.601082499447728
1.149126363636364	6.60419550601488
1.149825454545455	6.607308252215734
1.150524545454546	6.610420929805136
1.151223636363637	6.613533730537931
1.151922727272727	6.616646846168969
1.152621818181818	6.619760468453094
1.153320909090909	6.622874789145157
1.15402	6.62599
1.154788	6.629413444246312
1.155556	6.632837932393681
1.156324	6.63626320262535
1.157092	6.639688993124564
1.157859999999999	6.643115042074569
1.158627999999999	6.646541087658607
1.159395999999999	6.649966868059924
1.160163999999999	6.653392121461765
1.160931999999999	6.656816586047373
1.1617	6.66024
1.162399090909091	6.663355177933043
1.163098181818182	6.666469463165834
1.163797272727273	6.669583050493832
1.164496363636364	6.672696134712491
1.165195454545455	6.67580891061727
1.165894545454546	6.678921573003623
1.166593636363636	6.682034316667009
1.167292727272727	6.685147336402883
1.167991818181818	6.688260827006702
1.168690909090909	6.691374983273922
1.16939	6.69449
1.170158	6.697913203584108
1.170926	6.701337442252127
1.171694	6.704762477548915
1.172462	6.708188071019329
1.17323	6.711613984208228
1.173998000000001	6.715039978660468
1.174766000000001	6.718465815920909
1.175534000000001	6.721891257534407
1.176302000000001	6.725316065045819
1.17707	6.72874
1.177769090909091	6.73185581905887
1.178468181818182	6.734970883998982
1.179167272727273	6.7380853612863
1.179866363636364	6.741199417386789
1.180565454545455	6.744313218766412
1.181264545454546	6.747426931891136
1.181963636363637	6.750540723226923
1.182662727272727	6.753654759239739
1.183361818181818	6.756769206395547
1.184060909090909	6.759884231160313
1.18476	6.763
1.185528	6.7664238694202
1.186296	6.769848606553779
1.187064	6.773273980223204
1.187832	6.776699759250942
1.1886	6.780125712459457
1.189368	6.783551608671214
1.190135999999999	6.786977216708681
1.190903999999999	6.790402305394323
1.191671999999999	6.793826643550607
1.19244	6.79725
1.193139090909091	6.80036520385326
1.193838181818182	6.803479575585114
1.194537272727273	6.806593288070057
1.195236363636364	6.809706514182582
1.195935454545455	6.812819426797183
1.196634545454546	6.815932198788351
1.197333636363636	6.819045003030583
1.198032727272727	6.82215801239837
1.198731818181818	6.825271399766207
1.199430909090909	6.828385338008585
1.20013	6.8315
1.200898	6.83492264934178
1.201666	6.838346228125645
1.202434	6.841770583698997
1.203202	6.845195563409241
1.20397	6.848621014603779
1.204738000000001	6.852046784630016
1.205506000000001	6.855472720835353
1.206274000000001	6.858898670567195
1.207042000000001	6.862324481172944
1.20781	6.86575
1.208509090909091	6.868867780417147
1.209208181818182	6.871985077439834
1.209907272727273	6.875101775929313
1.210606363636364	6.878217760746837
1.211305454545455	6.881332916753659
1.212004545454546	6.884447128811033
1.212703636363637	6.88756028178021
1.213402727272727	6.890672260522441
1.214101818181818	6.893782949898982
1.214800909090909	6.896892234771085
1.2155	6.9
