0.300927	1.2
0.3016263636363636	1.201009111631783
0.3023257272727273	1.201953659453638
0.3030250909090909	1.20283540577827
0.3037244545454545	1.203656112918384
0.3044238181818182	1.204417543186688
0.3051231818181818	1.205121458895886
0.3058225454545455	1.205769622358684
0.3065219090909091	1.206363795887789
0.3072212727272727	1.206905741795906
0.3079206363636364	1.207397222395741
0.30862	1.20784
0.309388	1.208272221769659
0.310156	1.20865017087856
0.310924	1.208976181093683
0.311692	1.209252586182007
0.31246	1.20948171991051
0.313228	1.209665916046173
0.3139959999999999	1.209807508355975
0.3147639999999999	1.209908830606893
0.3155319999999999	1.209972216565909
0.3163	1.21
0.316999090909091	1.209994741697614
0.3176981818181819	1.209954298716293
0.3183972727272728	1.209871052866145
0.3190963636363637	1.209737385957276
0.3197954545454547	1.209545679799794
0.3204945454545456	1.209288316203805
0.3211936363636365	1.208957676979416
0.3218927272727274	1.208546143936734
0.3225918181818184	1.208046098885866
0.3232909090909093	1.207449923636919
0.32399	1.20675
0.324758	1.205862673499684
0.325526	1.204892346188944
0.326294	1.203890420580048
0.327062	1.202908299185264
0.32783	1.201997384516863
0.3285979999999999	1.201209079087112
0.3293659999999999	1.200594785408282
0.3301339999999999	1.20020590599264
0.3309019999999999	1.200093843352457
0.33167	1.20031
0.3323690909090909	1.200822244187712
0.3330681818181819	1.201608383010285
0.3337672727272728	1.202627756522373
0.3344663636363637	1.203839704778629
0.3351654545454547	1.205203567833707
0.3358645454545456	1.206678685742259
0.3365636363636365	1.208224398558939
0.3372627272727274	1.2098000463384
0.3379618181818184	1.211364969135295
0.3386609090909093	1.212878507004277
0.33936	1.2143
0.340128	1.215718709264526
0.340896	1.216993020037334
0.341664	1.218138689314109
0.342432	1.219171474090534
0.3431999999999999	1.220107131362292
0.3439679999999999	1.220961418125066
0.3447359999999999	1.221750091374541
0.3455039999999999	1.222488908106399
0.3462719999999999	1.223193625316324
0.34704	1.22388
0.3477390909090909	1.224499982799397
0.3484381818181819	1.225116814226529
0.3491372727272728	1.225729485279464
0.3498363636363637	1.22633698695627
0.3505354545454546	1.226938310255015
0.3512345454545456	1.227532446173767
0.3519336363636365	1.228118385710594
0.3526327272727274	1.228695119863562
0.3533318181818184	1.229261639630741
0.3540309090909093	1.229816936010198
0.35473	1.23036
0.355498	1.230942048773761
0.356266	1.23151132093748
0.357034	1.23207102032211
0.357802	1.232624350758602
0.3585699999999999	1.23317451607791
0.3593379999999999	1.233724720110984
0.3601059999999999	1.234278166688778
0.3608739999999999	1.234838059642243
0.3616419999999999	1.235407602802334
0.36241	1.23599
0.3631090909090909	1.236534021153408
0.3638081818181819	1.237093774955625
0.3645072727272728	1.237671688507427
0.3652063636363637	1.238270188909589
0.3659054545454546	1.238891703262888
0.3666045454545456	1.239538658668099
0.3673036363636365	1.240213482225998
0.3680027272727274	1.240918601037363
0.3687018181818184	1.241656442202967
0.3694009090909093	1.242429432823587
0.3701	1.24324
0.370868	1.244175918888437
0.371636	1.245158833202081
0.372404	1.24618745974911
0.3731719999999999	1.247260515337701
0.3739399999999999	1.248376716776033
0.3747079999999999	1.249534780872281
0.3754759999999999	1.250733424434625
0.3762439999999999	1.25197136427124
0.3770119999999999	1.253247317190306
0.37778	1.25456
0.3784790909090909	1.255786200343407
0.3791781818181819	1.257043482653949
0.3798772727272728	1.258333557768173
0.3805763636363637	1.259658136522624
0.3812754545454546	1.261018929753849
0.3819745454545456	1.262417648298392
0.3826736363636365	1.2638560029928
0.3833727272727274	1.26533570467362
0.3840718181818183	1.266858464177395
0.3847709090909093	1.268425992340674
0.38547	1.27004
0.3861690909090909	1.271700709614578
0.3868681818181818	1.273402390134236
0.3875672727272728	1.275137822131461
0.3882663636363637	1.276899786178739
0.3889654545454546	1.278681062848555
0.3896645454545455	1.280474432713397
0.3903636363636365	1.28227267634575
0.3910627272727274	1.284068574318101
0.3917618181818183	1.285854907202935
0.3924609090909092	1.28762445557274
0.39316	1.28937
0.393928	1.29125295864017
0.394696	1.293098393423269
0.395464	1.294906462575686
0.396232	1.296677324323807
0.397	1.298411136894019
0.397768	1.300108058512709
0.3985359999999999	1.301768247406266
0.3993039999999999	1.303391861801075
0.4000719999999999	1.304979059923524
0.40084	1.30653
0.4015390909090909	1.307911100457592
0.4022381818181818	1.309266666207963
0.4029372727272728	1.310601074850286
0.4036363636363637	1.311918703983736
0.4043354545454546	1.313223931207486
0.4050345454545455	1.314521134120709
0.4057336363636365	1.31581469032258
0.4064327272727274	1.31710897741227
0.4071318181818183	1.318408372988955
0.4078309090909092	1.319717254651807
0.40853	1.32104
0.409298	1.322513419038324
0.410066	1.324009247531744
0.410834	1.325527880348072
0.411602	1.32706971235512
0.41237	1.3286351384207
0.4131379999999999	1.330224553412624
0.4139059999999999	1.331838352198704
0.4146739999999999	1.333476929646752
0.4154419999999999	1.33514068062458
0.41621	1.33683
0.416909090909091	1.338389892892355
0.4176081818181819	1.33996910782734
0.4183072727272728	1.341565453688831
0.4190063636363637	1.343176739360702
0.4197054545454547	1.344800773726829
0.4204045454545456	1.346435365671088
0.4211036363636365	1.348078324077354
0.4218027272727274	1.349727457829503
0.4225018181818184	1.35138057581141
0.4232009090909093	1.353035486906951
0.4239	1.35469
0.424668	1.35650446487889
0.425436	1.358312507868628
0.426204	1.360110831771071
0.426972	1.361896139388077
0.42774	1.363665133521505
0.4285079999999999	1.365414516973213
0.4292759999999999	1.367140992545058
0.4300439999999999	1.368841263038898
0.4308119999999999	1.370512031256593
0.43158	1.37215
0.4322790909090909	1.373610631513787
0.4329781818181819	1.375044435541524
0.4336772727272728	1.376454494295825
0.4343763636363637	1.377843889989302
0.4350754545454547	1.379215704834567
0.4357745454545456	1.380573021044232
0.4364736363636365	1.381918920830911
0.4371727272727274	1.383256486407214
0.4378718181818184	1.384588799985756
0.4385709090909093	1.385918943779147
0.43927	1.38725
0.440038	1.388716528269968
0.440806	1.390189257943033
0.441574	1.391669569470536
0.442342	1.393158843303818
0.4431099999999999	1.394658459894221
0.4438779999999999	1.396169799693087
0.4446459999999999	1.397694243151756
0.4454139999999999	1.39923317072157
0.4461819999999999	1.400787962853871
0.44695	1.40236
0.4476490909090909	1.403807048282617
0.4483481818181819	1.405270000763022
0.4490472727272728	1.406749328580687
0.4497463636363637	1.408245502875085
0.4504454545454546	1.409758994785686
0.4511445454545456	1.411290275451964
0.4518436363636365	1.412839816013389
0.4525427272727274	1.414408087609433
0.4532418181818184	1.415995561379568
0.4539409090909093	1.417602708463267
0.45464	1.41923
0.455408	1.421040827242767
0.456176	1.422873274676639
0.456944	1.424724082459719
0.457712	1.426589990750114
0.4584799999999999	1.42846773970593
0.4592479999999999	1.430354069485271
0.4600159999999999	1.432245720246243
0.4607839999999999	1.434139432146951
0.4615519999999999	1.436031945345502
0.46232	1.43792
0.4630190909090909	1.439632578645406
0.4637181818181819	1.441339640859164
0.4644172727272728	1.443042065663342
0.4651163636363637	1.444740732080006
0.4658154545454546	1.446436519131226
0.4665145454545456	1.448130305839069
0.4672136363636365	1.449822971225603
0.4679127272727274	1.451515394312895
0.4686118181818184	1.453208454123013
0.4693109090909093	1.454903029678026
0.47001	1.4566
0.4707090909090909	1.4583000216253
0.4714081818181818	1.460002861147471
0.4721072727272728	1.461708062674354
0.4728063636363637	1.463415170313791
0.4735054545454546	1.465123728173622
0.4742045454545455	1.466833280361689
0.4749036363636365	1.468543370985832
0.4756027272727274	1.470253544153894
0.4763018181818183	1.471963343973715
0.4770009090909093	1.473672314553137
0.4777	1.47538
0.478468	1.477254251513427
0.479236	1.479127383906359
0.480004	1.481000379222862
0.480772	1.482874219507003
0.48154	1.484749886802849
0.482308	1.486628363154467
0.4830759999999999	1.488510630605925
0.4838439999999999	1.490397671201288
0.4846119999999999	1.492290466984624
0.48538	1.49419
0.4860790909090909	1.495925175256439
0.4867781818181818	1.497663843438987
0.4874772727272728	1.499403101282451
0.4881763636363637	1.501140045521639
0.4888754545454546	1.502871772891357
0.4895745454545455	1.504595380126413
0.4902736363636365	1.506307963961613
0.4909727272727274	1.508006621131765
0.4916718181818183	1.509688448371675
0.4923709090909092	1.511350542416152
0.49307	1.51299
0.493838	1.514762465355834
0.494606	1.516506001115501
0.495374	1.518222500431244
0.496142	1.519913856455305
0.49691	1.521581962339928
0.497678	1.523228711237358
0.4984459999999999	1.524855996299836
0.4992139999999999	1.526465710679608
0.4999819999999999	1.528059747528914
0.50075	1.52964
0.501449090909091	1.531067992377377
0.5021481818181819	1.532487058970882
0.5028472727272728	1.533898127065131
0.5035463636363637	1.535302123944742
0.5042454545454547	1.536699976894333
0.5049445454545456	1.538092613198519
0.5056436363636365	1.539480960141919
0.5063427272727274	1.54086594500915
0.5070418181818184	1.542248495084829
0.5077409090909093	1.543629537653574
0.50844	1.54501
0.509208	1.546526957718882
0.509976	1.548045495348551
0.510744	1.54956677394589
0.511512	1.551091954567779
0.51228	1.552622198271099
0.5130479999999999	1.554158666112731
0.5138159999999999	1.555702519149556
0.5145839999999999	1.557254918438455
0.5153519999999999	1.558817025036309
0.51612	1.56039
0.516819090909091	1.561832481331749
0.5175181818181819	1.563287087007903
0.5182172727272728	1.564755973794574
0.5189163636363637	1.566241298457873
0.5196154545454547	1.567745217763914
0.5203145454545456	1.569269888478807
0.5210136363636365	1.570817467368666
0.5217127272727274	1.572390111199603
0.5224118181818184	1.573989976737729
0.5231109090909093	1.575619220749158
0.52381	1.57728
0.524578	1.579141914846325
0.525346	1.581038437061067
0.526114	1.582963512643876
0.526882	1.584911087594402
0.52765	1.586875107912294
0.5284179999999999	1.588849519597203
0.5291859999999999	1.590828268648779
0.5299539999999999	1.59280530106667
0.5307219999999999	1.594774562850527
0.53149	1.59673
0.5321890909090909	1.598494338390431
0.5328881818181819	1.600246515376394
0.5335872727272728	1.601990840987894
0.5342863636363637	1.603731625254937
0.5349854545454547	1.605473178207531
0.5356845454545456	1.607219809875681
0.5363836363636365	1.608975830289394
0.5370827272727274	1.610745549478676
0.5377818181818184	1.612533277473533
0.5384809090909093	1.614343324303973
0.53918	1.61618
0.539948	1.618229834383495
0.540716	1.620300470632718
0.541484	1.622375371849397
0.542252	1.624438001135257
0.5430199999999999	1.626471821592028
0.5437879999999999	1.628460296321437
0.5445559999999999	1.630386888425211
0.5453239999999999	1.632235061005078
0.5460919999999999	1.633988277162765
0.54686	1.63563
0.5475590909090909	1.637017178214877
0.5482581818181819	1.638307660423256
0.5489572727272728	1.63951083644328
0.5496563636363637	1.640636096093093
0.5503554545454546	1.641692829190841
0.5510545454545456	1.642690425554666
0.5517536363636365	1.643638275002713
0.5524527272727274	1.644545767353125
0.5531518181818184	1.645422292424048
0.5538509090909093	1.646277240033625
0.55455	1.64712
0.5552490909090909	1.64795848095186
0.5559481818181818	1.648794666760061
0.5566472727272728	1.649629060106001
0.5573463636363637	1.65046216367108
0.5580454545454546	1.651294480136696
0.5587445454545455	1.652126512184248
0.5594436363636365	1.652958762495135
0.5601427272727274	1.653791733750755
0.5608418181818183	1.654625928632506
0.5615409090909093	1.655461849821789
0.56224	1.6563
0.563008	1.65722362648968
0.5637759999999999	1.658149370208063
0.5645439999999999	1.659076051653578
0.5653119999999999	1.660002491324655
0.5660799999999999	1.660927509719725
0.5668479999999999	1.661849927337216
0.5676159999999999	1.662768564675559
0.5683839999999999	1.663682242233185
0.5691519999999999	1.664589780508521
0.56992	1.66549
0.5706190909090909	1.666302712520112
0.5713181818181818	1.667111235428192
0.5720172727272728	1.667918420790547
0.5727163636363637	1.668727120673483
0.5734154545454546	1.669540187143306
0.5741145454545455	1.670360472266321
0.5748136363636365	1.671190828108835
0.5755127272727274	1.672034106737154
0.5762118181818183	1.672893160217584
0.5769109090909093	1.67377084061643
0.57761	1.67467
0.5783779999999999	1.675685659123149
0.5791459999999999	1.676732755186524
0.5799139999999999	1.677813361077277
0.5806819999999999	1.678929549682562
0.5814499999999999	1.680083393889531
0.5822179999999999	1.681276966585338
0.5829859999999999	1.682512340657135
0.5837539999999999	1.683791588992076
0.5845219999999999	1.685116784477313
0.58529	1.68649
0.5859890909090909	1.687782468654411
0.5866881818181818	1.689111807756176
0.5873872727272728	1.690473380761036
0.5880863636363637	1.69186255112473
0.5887854545454546	1.693274682302995
0.5894845454545455	1.694705137751573
0.5901836363636365	1.696149280926201
0.5908827272727274	1.697602475282619
0.5915818181818183	1.699060084276565
0.5922809090909092	1.700517471363779
0.59298	1.70197
0.5937479999999999	1.703555737272002
0.5945159999999999	1.705130792951665
0.5952839999999999	1.706695944530115
0.5960519999999999	1.708251969498481
0.5968199999999999	1.709799645347888
0.5975879999999999	1.711339749569464
0.5983559999999999	1.712873059654336
0.5991239999999999	1.714400353093632
0.5998919999999999	1.715922407378477
0.60066	1.71744
0.6013590909090909	1.71881847213802
0.6020581818181818	1.720196094777006
0.6027572727272728	1.721575071122586
0.6034563636363637	1.72295760438039
0.6041554545454546	1.724345897756044
0.6048545454545455	1.725742154455176
0.6055536363636365	1.727148577683415
0.6062527272727274	1.72856737064639
0.6069518181818183	1.730000736549726
0.6076509090909092	1.731450878599054
0.6083499999999999	1.73292
0.6091179999999999	1.734555896213134
0.6098859999999999	1.736205057584712
0.6106539999999999	1.737855184995889
0.6114219999999999	1.739493979327821
0.6121899999999999	1.741109141461665
0.6129579999999999	1.742688372278575
0.6137259999999999	1.744219372659708
0.6144939999999999	1.745689843486219
0.6152619999999999	1.747087485639264
0.61603	1.7484
0.6167290909090909	1.749513327126705
0.6174281818181818	1.750554441951467
0.6181272727272727	1.751531860099819
0.6188263636363637	1.752454097197296
0.6195254545454546	1.753329668869432
0.6202245454545455	1.75416709074176
0.6209236363636365	1.754974878439817
0.6216227272727274	1.755761547589135
0.6223218181818183	1.756535613815248
0.6230209090909092	1.757305592743692
0.6237200000000001	1.75808
0.624488	1.758943767750388
0.625256	1.759821153074352
0.626024	1.760710152069269
0.626792	1.761608760832516
0.62756	1.762514975461468
0.628328	1.763426792053503
0.629096	1.764342206705997
0.629864	1.765259215516327
0.630632	1.766175814581869
0.6314	1.76709
0.6320990909090909	1.767918695497247
0.6327981818181818	1.768744165478995
0.6334972727272727	1.7695668448112
0.6341963636363637	1.770387168359818
0.6348954545454546	1.771205570990804
0.6355945454545455	1.772022487570115
0.6362936363636365	1.772838352963707
0.6369927272727274	1.773653602037536
0.6376918181818183	1.774468669657557
0.6383909090909092	1.775283990689726
0.63909	1.7761
0.639789090909091	1.776917030350329
0.6404881818181819	1.777735006086641
0.6411872727272728	1.77855374945086
0.6418863636363638	1.779373082684908
0.6425854545454547	1.780192828030708
0.6432845454545456	1.781012807730184
0.6439836363636365	1.781832844025258
0.6446827272727275	1.782652759157854
0.6453818181818184	1.783472375369894
0.6460809090909093	1.784291514903302
0.64678	1.78511
0.647548	1.786008308921215
0.648316	1.786906050510096
0.649084	1.787803661772834
0.649852	1.78870157971562
0.65062	1.789600241344644
0.651388	1.790500083666096
0.652156	1.791401543686167
0.6529239999999999	1.792305058411048
0.6536919999999999	1.793211064846929
0.65446	1.79412
0.655159090909091	1.794950356266203
0.6558581818181819	1.795784195438512
0.6565572727272728	1.796622211585025
0.6572563636363637	1.797465098773836
0.6579554545454547	1.798313551073043
0.6586545454545456	1.799168262550743
0.6593536363636365	1.800029927275031
0.6600527272727275	1.800899239314004
0.6607518181818184	1.801776892735759
0.6614509090909093	1.802663581608392
0.66215	1.80356
0.662918	1.804556393532834
0.663686	1.805563730312821
0.664454	1.806580373827876
0.665222	1.807604687565914
0.66599	1.808635035014848
0.666758	1.809669779662595
0.667526	1.810707284997069
0.6682939999999999	1.811745914506185
0.6690619999999999	1.812784031677857
0.66983	1.81382
0.670529090909091	1.814760035032692
0.6712281818181819	1.815697306810188
0.6719272727272728	1.816632188627497
0.6726263636363637	1.817565053779623
0.6733254545454547	1.818496275561575
0.6740245454545456	1.819426227268359
0.6747236363636365	1.820355282194982
0.6754227272727275	1.821283813636451
0.6761218181818184	1.822212194887773
0.6768209090909093	1.823140799243953
0.67752	1.82407
0.678288	1.825091830032923
0.679056	1.826114763904727
0.679824	1.827138735173089
0.680592	1.828163677395683
0.68136	1.829189524130186
0.682128	1.830216208934275
0.6828959999999999	1.831243665365624
0.6836639999999999	1.832271826981911
0.6844319999999999	1.833300627340811
0.6852	1.83433
0.685899090909091	1.835267397738269
0.6865981818181819	1.836204830864104
0.6872972727272728	1.837141915611221
0.6879963636363637	1.838078268213333
0.6886954545454547	1.839013504904155
0.6893945454545456	1.839947241917401
0.6900936363636365	1.840879095486786
0.6907927272727274	1.841808681846024
0.6914918181818184	1.84273561722883
0.6921909090909093	1.843659517868917
0.69289	1.84458
0.693658	1.8455872984816
0.694426	1.84659239308286
0.695194	1.847597668718776
0.695962	1.84860551030434
0.69673	1.849618302754547
0.697498	1.850638430984391
0.6982659999999999	1.851668279908864
0.6990339999999999	1.852710234442961
0.6998019999999999	1.853766679501675
0.70057	1.85484
0.701269090909091	1.855833418925116
0.7019681818181819	1.856842908976972
0.7026672727272728	1.857868582154677
0.7033663636363637	1.85891055045734
0.7040654545454547	1.859968925884071
0.7047645454545456	1.861043820433979
0.7054636363636365	1.862135346106173
0.7061627272727274	1.863243614899763
0.7068618181818184	1.864368738813858
0.7075609090909093	1.865510829847567
0.70826	1.86667
0.709028	1.867962779090948
0.709796	1.869273630131487
0.710564	1.870599877882941
0.711332	1.871938847106635
0.7121	1.873287862563893
0.7128679999999999	1.87464424901604
0.7136359999999999	1.8760053312244
0.7144039999999999	1.877368433950297
0.7151719999999999	1.878730881955055
0.71594	1.88009
0.7166390909090909	1.881322451379437
0.7173381818181819	1.882550502805269
0.7180372727272728	1.883774730230674
0.7187363636363637	1.884995709608831
0.7194354545454547	1.886214016892919
0.7201345454545456	1.887430228036117
0.7208336363636365	1.888644918991602
0.7215327272727274	1.889858665712555
0.7222318181818184	1.891072044152153
0.7229309090909093	1.892285630263575
0.72363	1.8935
0.7243290909090909	1.894715613229738
0.7250281818181818	1.895932465481626
0.7257272727272728	1.897150436199631
0.7264263636363637	1.898369404827721
0.7271254545454546	1.899589250809863
0.7278245454545456	1.900809853590025
0.7285236363636365	1.902031092612174
0.7292227272727274	1.903252847320279
0.7299218181818183	1.904474997158306
0.7306209090909093	1.905697421570224
0.73132	1.90692
0.732088	1.908263134807692
0.732856	1.909606230209033
0.7336239999999999	1.910949206414097
0.7343919999999999	1.912291983632959
0.7351599999999999	1.913634482075691
0.7359279999999999	1.914976621952367
0.7366959999999999	1.916318323473063
0.7374639999999999	1.917659506847851
0.7382319999999999	1.919000092286805
0.739	1.92034
0.7396990909090909	1.921559071370658
0.7403981818181818	1.922777718414724
0.7410972727272728	1.92399614448302
0.7417963636363637	1.925214552926364
0.7424954545454546	1.926433147095577
0.7431945454545456	1.927652130341478
0.7438936363636365	1.928871706014887
0.7445927272727274	1.930092077466624
0.7452918181818183	1.931313448047508
0.7459909090909093	1.932536021108361
0.74669	1.93376
0.747458	1.935106311827957
0.7482259999999999	1.936453774732303
0.7489939999999999	1.937801597740398
0.7497619999999999	1.939148989879597
0.7505299999999999	1.940495160177258
0.7512979999999999	1.941839317660738
0.7520659999999999	1.943180671357395
0.7528339999999999	1.944518430294586
0.7536019999999999	1.945851803499669
0.75437	1.94718
0.7550690909090909	1.948384036532747
0.7557681818181818	1.949583617171705
0.7564672727272728	1.950779230839893
0.7571663636363637	1.951971366460331
0.7578654545454546	1.953160512956037
0.7585645454545455	1.954347159250032
0.7592636363636365	1.955531794265333
0.7599627272727274	1.956714906924962
0.7606618181818183	1.957896986151936
0.7613609090909093	1.959078520869276
0.76206	1.96026
0.762828	1.96155833001054
0.7635959999999999	1.962857080971411
0.7643639999999999	1.964156150858693
0.7651319999999999	1.965455437648469
0.7658999999999999	1.966754839316818
0.7666679999999999	1.968054253839821
0.7674359999999999	1.96935357919356
0.7682039999999999	1.970652713354116
0.7689719999999999	1.971951554297569
0.76974	1.97325
0.7704390909090909	1.974431537241063
0.7711381818181818	1.975612734049363
0.7718372727272728	1.976793662025812
0.7725363636363637	1.977974392771319
0.7732354545454546	1.979154997886795
0.7739345454545455	1.980335548973151
0.7746336363636365	1.981516117631297
0.7753327272727274	1.982696775462145
0.7760318181818183	1.983877594066604
0.7767309090909092	1.985058645045586
0.77743	1.98624
0.7781979999999999	1.987538207825788
0.7789659999999999	1.988836793310299
0.7797339999999999	1.99013568084603
0.7805019999999999	1.991434794825476
0.7812699999999999	1.992734059641136
0.7820379999999999	1.994033399685504
0.7828059999999999	1.995332739351078
0.7835739999999999	1.996632003030354
0.7843419999999999	1.997931115115829
0.78511	1.99923
0.7858090909090909	2.000412090750585
0.7865081818181818	2.001593934237679
0.7872072727272728	2.002775534105133
0.7879063636363637	2.003956893996799
0.7886054545454546	2.005138017556531
0.7893045454545455	2.006318908428179
0.7900036363636365	2.007499570255596
0.7907027272727274	2.008680006682635
0.7914018181818183	2.009860221353147
0.7921009090909092	2.011040217910985
0.7927999999999999	2.01222
0.7934990909090909	2.013399590429952
0.7941981818181818	2.014579088674224
0.7948972727272727	2.015758613372108
0.7955963636363637	2.016938283162892
0.7962954545454546	2.018118216685867
0.7969945454545455	2.019298532580325
0.7976936363636364	2.020479349485554
0.7983927272727274	2.021660786040846
0.7990918181818183	2.022842960885491
0.7997909090909092	2.024025992658779
0.80049	2.02521
0.801258	2.02651186505573
0.802026	2.027814516871406
0.802794	2.029117421657406
0.803562	2.030420045624103
0.80433	2.031721854981875
0.805098	2.033022315941097
0.805866	2.034320894712144
0.806634	2.035617057505393
0.807402	2.03691027053122
0.8081700000000001	2.0382
0.808869090909091	2.039370818938803
0.8095681818181819	2.040539645805467
0.8102672727272728	2.041707817300845
0.8109663636363638	2.04287667012579
0.8116654545454547	2.044047540981156
0.8123645454545456	2.045221766567797
0.8130636363636365	2.046400683586566
0.8137627272727275	2.047585628738317
0.8144618181818184	2.048777938723904
0.8151609090909093	2.049978950244181
0.81586	2.05119
0.816628	2.052533979044448
0.817396	2.0538958220741
0.818164	2.055279665174134
0.818932	2.056689644429726
0.8197	2.058129895926057
0.820468	2.059604555748303
0.821236	2.061117759981643
0.822004	2.062673644711253
0.8227719999999999	2.064276346022313
0.82354	2.06593
0.824239090909091	2.067481677502134
0.8249381818181819	2.069073778756534
0.8256372727272728	2.070701080982
0.8263363636363638	2.072358361397331
0.8270354545454547	2.074040397221325
0.8277345454545456	2.075741965672783
0.8284336363636365	2.077457843970504
0.8291327272727275	2.079182809333286
0.8298318181818184	2.080911638979931
0.8305309090909093	2.082639110129235
0.83123	2.08436
0.831998	2.086238159218585
0.832766	2.088103827001094
0.833534	2.089958757701172
0.834302	2.091804705672468
0.83507	2.093643425268627
0.835838	2.095476670843296
0.836606	2.097306196750121
0.837374	2.099133757342749
0.8381419999999999	2.100961106974827
0.83891	2.10279
0.839609090909091	2.104457349618697
0.8403081818181819	2.106127153868163
0.8410072727272728	2.107799134866592
0.8417063636363638	2.109473014732178
0.8424054545454547	2.111148515583116
0.8431045454545456	2.1128253595376
0.8438036363636365	2.114503268713823
0.8445027272727275	2.116181965229981
0.8452018181818184	2.117861171204267
0.8459009090909093	2.119540608754876
0.8466	2.12122
0.847368	2.123064606856627
0.848136	2.12490883178467
0.848904	2.12675268410263
0.849672	2.128596173129005
0.85044	2.130439308182297
0.851208	2.132282098581005
0.851976	2.134124553643629
0.8527439999999999	2.135966682688669
0.8535119999999999	2.137808495034626
0.85428	2.13965
0.854979090909091	2.141326020251181
0.8556781818181819	2.14300182698642
0.8563772727272728	2.144677453663982
0.8570763636363637	2.146352933742133
0.8577754545454547	2.148028300679138
0.8584745454545456	2.149703587933264
0.8591736363636365	2.151378828962776
0.8598727272727275	2.15305405722594
0.8605718181818184	2.154729306181021
0.8612709090909093	2.156404609286286
0.86197	2.15808
0.862738	2.15992068344465
0.863506	2.1617616135484
0.864274	2.163602890860366
0.865042	2.165444615929665
0.86581	2.167286889305414
0.866578	2.169129811536731
0.867346	2.17097348317273
0.8681139999999999	2.172818004762531
0.8688819999999999	2.174663476855248
0.86965	2.17651
0.870349090909091	2.178191737033448
0.8710481818181819	2.179873875604932
0.8717472727272728	2.181555863035909
0.8724463636363637	2.183237146647833
0.8731454545454547	2.184917173762157
0.8738445454545456	2.186595391700338
0.8745436363636365	2.18827124778383
0.8752427272727274	2.189944189334087
0.8759418181818184	2.191613663672565
0.8766409090909093	2.193279118120718
0.87734	2.19494
0.8780390909090909	2.19659622256345
0.8787381818181819	2.19824956279044
0.8794372727272728	2.199902263591922
0.8801363636363637	2.201556567878851
0.8808354545454546	2.20321471856218
0.8815345454545456	2.204878958552865
0.8822336363636365	2.206551530761858
0.8829327272727274	2.208234678100114
0.8836318181818184	2.209930643478587
0.8843309090909093	2.211641669808231
0.88503	2.21337
0.885798	2.215288072421435
0.886566	2.21721329690665
0.887334	2.21912923539661
0.8881019999999999	2.221019449832277
0.8888699999999999	2.222867502154612
0.8896379999999999	2.224656954304577
0.8904059999999999	2.226371368223137
0.8911739999999999	2.227994305851252
0.8919419999999999	2.229509329129885
0.89271	2.2309
0.8934090909090909	2.232048224577602
0.8941081818181819	2.233093270975023
0.8948072727272728	2.234048619977453
0.8955063636363637	2.234927752370081
0.8962054545454546	2.235744148938099
0.8969045454545456	2.236511290466695
0.8976036363636365	2.23724265774106
0.8983027272727274	2.237951731546383
0.8990018181818183	2.238651992667854
0.8997009090909093	2.239356921890663
0.9004	2.24008
0.901168	2.24090753206571
0.901936	2.241768369410363
0.902704	2.242657644882212
0.9034719999999999	2.243570491329512
0.9042399999999999	2.244502041600517
0.9050079999999999	2.24544742854348
0.9057759999999999	2.246401785006656
0.9065439999999999	2.247360243838298
0.9073119999999999	2.248317937886662
0.90808	2.24927
0.9087790909090909	2.250128419198684
0.9094781818181819	2.250979165508131
0.9101772727272728	2.251823265581203
0.9108763636363637	2.252661746070765
0.9115754545454546	2.253495633629682
0.9122745454545456	2.254325954910816
0.9129736363636365	2.255153736567033
0.9136727272727274	2.255980005251196
0.9143718181818183	2.256805787616169
0.9150709090909093	2.257632110314815
0.91577	2.25846
0.916538	2.259372222343158
0.917306	2.260287131923903
0.9180739999999999	2.261204285832877
0.9188419999999999	2.262123241160721
0.9196099999999999	2.263043554998078
0.9203779999999999	2.263964784435588
0.9211459999999999	2.264886486563893
0.9219139999999999	2.265808218473636
0.9226819999999999	2.266729537255458
0.92345	2.26765
0.9241490909090909	2.268486837464433
0.9248481818181818	2.269322753098095
0.9255472727272728	2.270157901377249
0.9262463636363637	2.270992436778163
0.9269454545454546	2.271826513777098
0.9276445454545456	2.27266028685032
0.9283436363636365	2.273493910474094
0.9290427272727274	2.274327539124685
0.9297418181818183	2.275161327278356
0.9304409090909093	2.275995429411373
0.93114	2.27683
0.931908	2.277747504564054
0.9326759999999999	2.278665646515872
0.9334439999999999	2.279584311454702
0.9342119999999999	2.280503384979798
0.9349799999999999	2.28142275269041
0.9357479999999999	2.282342300185789
0.9365159999999999	2.283261913065186
0.9372839999999999	2.284181476927853
0.9380519999999999	2.28510087737304
0.93882	2.28602
0.9395190909090909	2.286856336538744
0.9402181818181818	2.287692385233373
0.9409172727272728	2.288528183232375
0.9416163636363637	2.289363767684232
0.9423154545454546	2.290199175737432
0.9430145454545455	2.29103444454046
0.9437136363636365	2.2918696112418
0.9444127272727274	2.292704712989939
0.9451118181818183	2.293539786933362
0.9458109090909093	2.294374870220554
0.94651	2.29521
0.947278	2.296127537855286
0.9480459999999999	2.297045177131891
0.9488139999999999	2.29796291830888
0.9495819999999999	2.298880761865317
0.9503499999999999	2.299798708280268
0.9511179999999999	2.300716758032798
0.9518859999999999	2.301634911601971
0.9526539999999999	2.302553169466852
0.9534219999999999	2.303471532106507
0.95419	2.30439
0.9548890909090909	2.305226140502553
0.9555881818181818	2.306062312414954
0.9562872727272728	2.306898459536781
0.9569863636363637	2.307734525667612
0.9576854545454546	2.308570454607023
0.9583845454545455	2.309406190154591
0.9590836363636365	2.310241676109895
0.9597827272727274	2.31107685627251
0.9604818181818183	2.311911674442015
0.9611809090909093	2.312746074417986
0.96188	2.31358
0.9625790909090909	2.314413443223488
0.9632781818181818	2.31524658906729
0.9639772727272727	2.3160796707461
0.9646763636363637	2.316912921474609
0.9653754545454546	2.317746574467512
0.9660745454545455	2.318580862939501
0.9667736363636364	2.319416020105269
0.9674727272727274	2.32025227917951
0.9681718181818183	2.321089873376917
0.9688709090909092	2.321929035912182
0.96957	2.32277
0.970338	2.323695978249254
0.971106	2.32462331951557
0.971874	2.325550931146778
0.972642	2.326477720490709
0.97341	2.327402594895195
0.974178	2.328324461708064
0.974946	2.329242228277149
0.975714	2.330154801950279
0.976482	2.331061090075286
0.97725	2.33196
0.9779490909090909	2.332771930637787
0.9786481818181818	2.333582091442237
0.9793472727272727	2.334395731527398
0.9800463636363637	2.335218100007316
0.9807454545454546	2.336054445996042
0.9814445454545455	2.336910018607622
0.9821436363636364	2.337790066956103
0.9828427272727274	2.338699840155534
0.9835418181818183	2.339644587319961
0.9842409090909092	2.340629557563434
0.98494	2.34166
0.985708	2.342848218911616
0.986476	2.344089852387356
0.987244	2.345377101723039
0.988012	2.346702168214483
0.98878	2.348057253157508
0.989548	2.349434557847932
0.990316	2.350826283581574
0.991084	2.352224631654254
0.991852	2.353621803361789
0.9926199999999999	2.35501
0.9933190909090909	2.356260511408273
0.9940181818181818	2.357498755004203
0.9947172727272727	2.358726361722261
0.9954163636363637	2.35994496249692
0.9961154545454546	2.361156188262652
0.9968145454545455	2.362361669953929
0.9975136363636364	2.363563038505222
0.9982127272727274	2.364761924851003
0.9989118181818183	2.365959959925746
0.9996109090909092	2.367158774663921
1.00031	2.36836
1.001078	2.369683880323793
1.001846	2.371011981872059
1.002614	2.372343648325307
1.003382	2.373678223364041
1.00415	2.375015050668768
1.004918	2.376353473919993
1.005685999999999	2.377692836798223
1.006453999999999	2.379032482983963
1.007221999999999	2.38037175615772
1.00799	2.38171
1.008689090909091	2.38292683495288
1.009388181818182	2.384142462428645
1.010087272727273	2.385357071680385
1.010786363636364	2.386570851961187
1.011485454545455	2.38778399252414
1.012184545454546	2.388996682622334
1.012883636363636	2.390209111508856
1.013582727272727	2.391421468436795
1.014281818181818	2.39263394265924
1.014980909090909	2.393846723429279
1.01568	2.39506
1.016448	2.396393600298667
1.017216	2.397727886708183
1.017984	2.399062718578757
1.018752	2.400397955260599
1.01952	2.401733456103917
1.020288000000001	2.403069080458923
1.021056000000001	2.404404687675825
1.021824000000001	2.405740137104832
1.022592000000001	2.407075288096154
1.02336	2.40841
1.024059090909091	2.409624484612533
1.024758181818182	2.410838566534947
1.025457272727273	2.412052323447356
1.026156363636364	2.413265833029871
1.026855454545455	2.414479172962607
1.027554545454546	2.415692420925678
1.028253636363637	2.416905654599195
1.028952727272727	2.418118951663272
1.029651818181818	2.419332389798024
1.030350909090909	2.420546046683562
1.03105	2.42176
1.031818	2.423094018584108
1.032586	2.424428425009993
1.033354	2.425763155621645
1.034122	2.427098146763058
1.034889999999999	2.428433334778221
1.035657999999999	2.429768656011126
1.036425999999999	2.431104046805765
1.037193999999999	2.432439443506129
1.037961999999999	2.43377478245621
1.03873	2.43511
1.039429090909091	2.436325263804285
1.040128181818182	2.437540376684131
1.040827272727273	2.438755341057703
1.041526363636364	2.439970159343165
1.042225454545455	2.441184833958677
1.042924545454545	2.442399367322406
1.043623636363636	2.443613761852514
1.044322727272727	2.444828019967164
1.045021818181818	2.446042144084519
1.045720909090909	2.447256136622744
1.04642	2.44847
1.047119090909091	2.449683740643378
1.047818181818182	2.450897381015665
1.048517272727273	2.452110947588576
1.049216363636364	2.453324466833825
1.049915454545455	2.454537965223126
1.050614545454545	2.455751469228193
1.051313636363636	2.456965005320738
1.052012727272727	2.458178599972479
1.052711818181818	2.459392279655126
1.053410909090909	2.460606070840395
1.05411	2.46182
1.054878	2.463153773713793
1.055646	2.464487766084364
1.056414	2.465821997305941
1.057182	2.467156487572746
1.05795	2.468491257079005
1.058717999999999	2.469826326018945
1.059485999999999	2.471161714586788
1.060253999999999	2.472497442976762
1.061021999999999	2.47383353138309
1.06179	2.47517
1.062489090909091	2.476386857857401
1.063188181818182	2.477603803471646
1.063887272727273	2.478820592824203
1.064586363636364	2.480036981896538
1.065285454545455	2.481252726670121
1.065984545454546	2.482467583126418
1.066683636363637	2.483681307246898
1.067382727272727	2.484893655013029
1.068081818181818	2.486104382406277
1.068780909090909	2.487313245408112
1.06948	2.48852
1.070248	2.489843284267406
1.071016	2.491165213822621
1.071784	2.492487272993767
1.072552	2.493810946108964
1.073319999999999	2.495137717496334
1.074087999999999	2.496469071483997
1.074855999999999	2.497806492400074
1.075623999999999	2.499151464572686
1.076391999999999	2.500505472329953
1.07716	2.50187
1.077859090909091	2.503121576040848
1.078558181818182	2.504378715132315
1.079257272727273	2.505637033612381
1.079956363636364	2.506892147819025
1.080655454545455	2.508139674090227
1.081354545454545	2.509375228763965
1.082053636363636	2.510594428178221
1.082752727272727	2.511792888670972
1.083451818181818	2.5129662265802
1.084150909090909	2.514110058243882
1.08485	2.51522
1.085618	2.516396530704053
1.086386	2.517529860284665
1.087154	2.518622978271121
1.087922	2.519678874192707
1.08869	2.520700537578711
1.089458	2.521690957958417
1.090225999999999	2.522653124861113
1.090993999999999	2.523590027816085
1.091761999999999	2.524504656352618
1.09253	2.5254
1.093229090909091	2.526200648992181
1.093928181818182	2.526989366057485
1.094627272727273	2.527767721602362
1.095326363636364	2.528537286033261
1.096025454545455	2.529299629756633
1.096724545454546	2.530056323178928
1.097423636363636	2.530808936706596
1.098122727272727	2.531559040746087
1.098821818181818	2.532308205703852
1.099520909090909	2.533058001986339
1.10022	2.53381
1.100988	2.534640086104308
1.101756	2.535474144510322
1.102524	2.536311595096208
1.103292	2.537151857740136
1.10406	2.537994352320274
1.104828000000001	2.53883849871479
1.105596000000001	2.539683716801852
1.106364000000001	2.540529426459629
1.107132000000001	2.541375047566289
1.1079	2.54222
1.108599090909091	2.542988161575581
1.109298181818182	2.543755411736246
1.109997272727273	2.544521873818293
1.110696363636364	2.545287671158018
1.111395454545455	2.546052927091717
1.112094545454546	2.546817764955687
1.112793636363637	2.547582308086226
1.113492727272728	2.54834667981963
1.114191818181818	2.549111003492196
1.114890909090909	2.54987540244022
1.11559	2.55064
1.116358	2.551480301538425
1.117126	2.552320927985781
1.117894	2.553161815706351
1.118662	2.554002901064416
1.119429999999999	2.554844120424258
1.120197999999999	2.55568541015016
1.120965999999999	2.556526706606403
1.121733999999999	2.557367946157269
1.122501999999999	2.55820906516704
1.12327	2.55905
1.123969090909091	2.559815278282248
1.124668181818182	2.560580365920034
1.125367272727273	2.561345277606333
1.126066363636364	2.562110028034118
1.126765454545455	2.562874631896362
1.127464545454546	2.56363910388604
1.128163636363636	2.564403458696124
1.128862727272727	2.565167711019588
1.129561818181818	2.565931875549407
1.130260909090909	2.566695966978553
1.13096	2.56746
1.131659090909091	2.568223993280788
1.132358181818182	2.56898798138422
1.133057272727273	2.569752002847666
1.133756363636364	2.570516096208493
1.134455454545455	2.571280300004072
1.135154545454546	2.572044652771772
1.135853636363636	2.572809193048962
1.136552727272727	2.57357395937301
1.137251818181818	2.574338990281287
1.137950909090909	2.57510432431116
1.13865	2.57587
1.139418	2.576711562773901
1.140186	2.577553485749544
1.140954	2.578395670286784
1.141722	2.579238017745477
1.14249	2.580080429485476
1.143258000000001	2.580922806866638
1.144026000000001	2.581765051248816
1.144794000000001	2.582607063991866
1.145562000000001	2.583448746455643
1.14633	2.58429
1.147029090909091	2.585055339632277
1.147728181818182	2.585820311703821
1.148427272727273	2.586584985789696
1.149126363636364	2.587349431464962
1.149825454545455	2.588113718304682
1.150524545454546	2.588877915883917
1.151223636363637	2.58964209377773
1.151922727272727	2.590406321561184
1.152621818181818	2.591170668809338
1.153320909090909	2.591935205097256
1.15402	2.5927
1.154788	2.593540532694531
1.155556	2.59438138176707
1.156324	2.595222467517988
1.157092	2.596063710247654
1.157859999999999	2.596905030256435
1.158627999999999	2.597746347844701
1.159395999999999	2.598587583312822
1.160163999999999	2.599428656961166
1.160931999999999	2.600269489090102
1.1617	2.60111
1.162399090909091	2.601874771228197
1.163098181818182	2.602639282016838
1.163797272727273	2.603403604127533
1.164496363636364	2.604167809321888
1.165195454545455	2.604931969361513
1.165894545454546	2.605696156008016
1.166593636363636	2.606460441023006
1.167292727272727	2.607224896168091
1.167991818181818	2.607989593204879
1.168690909090909	2.608754603894979
1.16939	2.60952
1.170158	2.61036133634867
1.170926	2.611203114188326
1.171694	2.612045223264124
1.172462	2.612887553321223
1.17323	2.613729994104782
1.173998000000001	2.614572435359958
1.174766000000001	2.615414766831909
1.175534000000001	2.616256878265795
1.176302000000001	2.617098659406773
1.17707	2.61794
1.177769090909091	2.618705400717812
1.178468181818182	2.619470416376238
1.179167272727273	2.620235118310854
1.179866363636364	2.620999577857239
1.180565454545455	2.621763866350971
1.181264545454546	2.622528055127628
1.181963636363637	2.623292215522786
1.182662727272727	2.624056418872025
1.183361818181818	2.624820736510922
1.184060909090909	2.625585239775055
1.18476	2.62635
1.185528	2.627190494776156
1.186296	2.628031308321883
1.187064	2.628872363200581
1.187832	2.629713581975645
1.1886	2.630554887210474
1.189368	2.631396201468465
1.190135999999999	2.632237447313015
1.190903999999999	2.633078547307523
1.191671999999999	2.633919424015385
1.19244	2.63476
1.193139090909091	2.635524848478595
1.193838181818182	2.63628944679858
1.194537272727273	2.637053858144556
1.195236363636364	2.637818145701122
1.195935454545455	2.638582372652879
1.196634545454546	2.639346602184425
1.197333636363636	2.640110897480361
1.198032727272727	2.640875321725287
1.198731818181818	2.641639938103802
1.199430909090909	2.642404809800507
1.20013	2.64317
1.200898	2.644011031916452
1.201666	2.644852457516542
1.202434	2.645694209842535
1.203202	2.646536221936694
1.20397	2.647378426841286
1.204738000000001	2.648220757598575
1.205506000000001	2.649063147250827
1.206274000000001	2.649905528840305
1.207042000000001	2.650747835409275
1.20781	2.65159
1.208509090909091	2.652356421138236
1.209208181818182	2.653122618649042
1.209907272727273	2.653888542029314
1.210606363636364	2.654654140775951
1.211305454545455	2.65541936438585
1.212004545454546	2.656184162355908
1.212703636363637	2.656948484183023
1.213402727272727	2.657712279364092
1.214101818181818	2.658475497396013
1.214800909090909	2.659238087775683
1.2155	2.66
