0.300927
0.3016263636363636
0.3023257272727273
0.3030250909090909
0.3037244545454545
0.3044238181818182
0.3051231818181818
0.3058225454545455
0.3065219090909091
0.3072212727272727
0.3079206363636364
0.30862
0.309388
0.310156
0.310924
0.311692
0.31246
0.313228
0.3139959999999999
0.3147639999999999
0.3155319999999999
0.3163
0.316999090909091
0.3176981818181819
0.3183972727272728
0.3190963636363637
0.3197954545454547
0.3204945454545456
0.3211936363636365
0.3218927272727274
0.3225918181818184
0.3232909090909093
0.32399
0.324758
0.325526
0.326294
0.327062
0.32783
0.3285979999999999
0.3293659999999999
0.3301339999999999
0.3309019999999999
0.33167
0.3323690909090909
0.3330681818181819
0.3337672727272728
0.3344663636363637
0.3351654545454547
0.3358645454545456
0.3365636363636365
0.3372627272727274
0.3379618181818184
0.3386609090909093
0.33936
0.340128
0.340896
0.341664
0.342432
0.3431999999999999
0.3439679999999999
0.3447359999999999
0.3455039999999999
0.3462719999999999
0.34704
0.3477390909090909
0.3484381818181819
0.3491372727272728
0.3498363636363637
0.3505354545454546
0.3512345454545456
0.3519336363636365
0.3526327272727274
0.3533318181818184
0.3540309090909093
0.35473
0.355498
0.356266
0.357034
0.357802
0.3585699999999999
0.3593379999999999
0.3601059999999999
0.3608739999999999
0.3616419999999999
0.36241
0.3631090909090909
0.3638081818181819
0.3645072727272728
0.3652063636363637
0.3659054545454546
0.3666045454545456
0.3673036363636365
0.3680027272727274
0.3687018181818184
0.3694009090909093
0.3701
0.370868
0.371636
0.372404
0.3731719999999999
0.3739399999999999
0.3747079999999999
0.3754759999999999
0.3762439999999999
0.3770119999999999
0.37778
0.3784790909090909
0.3791781818181819
0.3798772727272728
0.3805763636363637
0.3812754545454546
0.3819745454545456
0.3826736363636365
0.3833727272727274
0.3840718181818183
0.3847709090909093
0.38547
0.3861690909090909
0.3868681818181818
0.3875672727272728
0.3882663636363637
0.3889654545454546
0.3896645454545455
0.3903636363636365
0.3910627272727274
0.3917618181818183
0.3924609090909092
0.39316
0.393928
0.394696
0.395464
0.396232
0.397
0.397768
0.3985359999999999
0.3993039999999999
0.4000719999999999
0.40084
0.4015390909090909
0.4022381818181818
0.4029372727272728
0.4036363636363637
0.4043354545454546
0.4050345454545455
0.4057336363636365
0.4064327272727274
0.4071318181818183
0.4078309090909092
0.40853
0.409298
0.410066
0.410834
0.411602
0.41237
0.4131379999999999
0.4139059999999999
0.4146739999999999
0.4154419999999999
0.41621
0.416909090909091
0.4176081818181819
0.4183072727272728
0.4190063636363637
0.4197054545454547
0.4204045454545456
0.4211036363636365
0.4218027272727274
0.4225018181818184
0.4232009090909093
0.4239
0.424668
0.425436
0.426204
0.426972
0.42774
0.4285079999999999
0.4292759999999999
0.4300439999999999
0.4308119999999999
0.43158
0.4322790909090909
0.4329781818181819
0.4336772727272728
0.4343763636363637
0.4350754545454547
0.4357745454545456
0.4364736363636365
0.4371727272727274
0.4378718181818184
0.4385709090909093
0.43927
0.440038
0.440806
0.441574
0.442342
0.4431099999999999
0.4438779999999999
0.4446459999999999
0.4454139999999999
0.4461819999999999
0.44695
0.4476490909090909
0.4483481818181819
0.4490472727272728
0.4497463636363637
0.4504454545454546
0.4511445454545456
0.4518436363636365
0.4525427272727274
0.4532418181818184
0.4539409090909093
0.45464
0.455408
0.456176
0.456944
0.457712
0.4584799999999999
0.4592479999999999
0.4600159999999999
0.4607839999999999
0.4615519999999999
0.46232
0.4630190909090909
0.4637181818181819
0.4644172727272728
0.4651163636363637
0.4658154545454546
0.4665145454545456
0.4672136363636365
0.4679127272727274
0.4686118181818184
0.4693109090909093
0.47001
0.4707090909090909
0.4714081818181818
0.4721072727272728
0.4728063636363637
0.4735054545454546
0.4742045454545455
0.4749036363636365
0.4756027272727274
0.4763018181818183
0.4770009090909093
0.4777
0.478468
0.479236
0.480004
0.480772
0.48154
0.482308
0.4830759999999999
0.4838439999999999
0.4846119999999999
0.48538
0.4860790909090909
0.4867781818181818
0.4874772727272728
0.4881763636363637
0.4888754545454546
0.4895745454545455
0.4902736363636365
0.4909727272727274
0.4916718181818183
0.4923709090909092
0.49307
0.493838
0.494606
0.495374
0.496142
0.49691
0.497678
0.4984459999999999
0.4992139999999999
0.4999819999999999
0.50075
0.501449090909091
0.5021481818181819
0.5028472727272728
0.5035463636363637
0.5042454545454547
0.5049445454545456
0.5056436363636365
0.5063427272727274
0.5070418181818184
0.5077409090909093
0.50844
0.509208
0.509976
0.510744
0.511512
0.51228
0.5130479999999999
0.5138159999999999
0.5145839999999999
0.5153519999999999
0.51612
0.516819090909091
0.5175181818181819
0.5182172727272728
0.5189163636363637
0.5196154545454547
0.5203145454545456
0.5210136363636365
0.5217127272727274
0.5224118181818184
0.5231109090909093
0.52381
0.524578
0.525346
0.526114
0.526882
0.52765
0.5284179999999999
0.5291859999999999
0.5299539999999999
0.5307219999999999
0.53149
0.5321890909090909
0.5328881818181819
0.5335872727272728
0.5342863636363637
0.5349854545454547
0.5356845454545456
0.5363836363636365
0.5370827272727274
0.5377818181818184
0.5384809090909093
0.53918
0.539948
0.540716
0.541484
0.542252
0.5430199999999999
0.5437879999999999
0.5445559999999999
0.5453239999999999
0.5460919999999999
0.54686
0.5475590909090909
0.5482581818181819
0.5489572727272728
0.5496563636363637
0.5503554545454546
0.5510545454545456
0.5517536363636365
0.5524527272727274
0.5531518181818184
0.5538509090909093
0.55455
0.5552490909090909
0.5559481818181818
0.5566472727272728
0.5573463636363637
0.5580454545454546
0.5587445454545455
0.5594436363636365
0.5601427272727274
0.5608418181818183
0.5615409090909093
0.56224
0.563008
0.5637759999999999
0.5645439999999999
0.5653119999999999
0.5660799999999999
0.5668479999999999
0.5676159999999999
0.5683839999999999
0.5691519999999999
0.56992
0.5706190909090909
0.5713181818181818
0.5720172727272728
0.5727163636363637
0.5734154545454546
0.5741145454545455
0.5748136363636365
0.5755127272727274
0.5762118181818183
0.5769109090909093
0.57761
0.5783779999999999
0.5791459999999999
0.5799139999999999
0.5806819999999999
0.5814499999999999
0.5822179999999999
0.5829859999999999
0.5837539999999999
0.5845219999999999
0.58529
0.5859890909090909
0.5866881818181818
0.5873872727272728
0.5880863636363637
0.5887854545454546
0.5894845454545455
0.5901836363636365
0.5908827272727274
0.5915818181818183
0.5922809090909092
0.59298
0.5937479999999999
0.5945159999999999
0.5952839999999999
0.5960519999999999
0.5968199999999999
0.5975879999999999
0.5983559999999999
0.5991239999999999
0.5998919999999999
0.60066
0.6013590909090909
0.6020581818181818
0.6027572727272728
0.6034563636363637
0.6041554545454546
0.6048545454545455
0.6055536363636365
0.6062527272727274
0.6069518181818183
0.6076509090909092
0.6083499999999999
0.6091179999999999
0.6098859999999999
0.6106539999999999
0.6114219999999999
0.6121899999999999
0.6129579999999999
0.6137259999999999
0.6144939999999999
0.6152619999999999
0.61603
0.6167290909090909
0.6174281818181818
0.6181272727272727
0.6188263636363637
0.6195254545454546
0.6202245454545455
0.6209236363636365
0.6216227272727274
0.6223218181818183
0.6230209090909092
0.6237200000000001
0.624488
0.625256
0.626024
0.626792
0.62756
0.628328
0.629096
0.629864
0.630632
0.6314
0.6320990909090909
0.6327981818181818
0.6334972727272727
0.6341963636363637
0.6348954545454546
0.6355945454545455
0.6362936363636365
0.6369927272727274
0.6376918181818183
0.6383909090909092
0.63909
0.639789090909091
0.6404881818181819
0.6411872727272728
0.6418863636363638
0.6425854545454547
0.6432845454545456
0.6439836363636365
0.6446827272727275
0.6453818181818184
0.6460809090909093
0.64678
0.647548
0.648316
0.649084
0.649852
0.65062
0.651388
0.652156
0.6529239999999999
0.6536919999999999
0.65446
0.655159090909091
0.6558581818181819
0.6565572727272728
0.6572563636363637
0.6579554545454547
0.6586545454545456
0.6593536363636365
0.6600527272727275
0.6607518181818184
0.6614509090909093
0.66215
0.662918
0.663686
0.664454
0.665222
0.66599
0.666758
0.667526
0.6682939999999999
0.6690619999999999
0.66983
0.670529090909091
0.6712281818181819
0.6719272727272728
0.6726263636363637
0.6733254545454547
0.6740245454545456
0.6747236363636365
0.6754227272727275
0.6761218181818184
0.6768209090909093
0.67752
0.678288
0.679056
0.679824
0.680592
0.68136
0.682128
0.6828959999999999
0.6836639999999999
0.6844319999999999
0.6852
0.685899090909091
0.6865981818181819
0.6872972727272728
0.6879963636363637
0.6886954545454547
0.6893945454545456
0.6900936363636365
0.6907927272727274
0.6914918181818184
0.6921909090909093
0.69289
0.693658
0.694426
0.695194
0.695962
0.69673
0.697498
0.6982659999999999
0.6990339999999999
0.6998019999999999
0.70057
0.701269090909091
0.7019681818181819
0.7026672727272728
0.7033663636363637
0.7040654545454547
0.7047645454545456
0.7054636363636365
0.7061627272727274
0.7068618181818184
0.7075609090909093
0.70826
0.709028
0.709796
0.710564
0.711332
0.7121
0.7128679999999999
0.7136359999999999
0.7144039999999999
0.7151719999999999
0.71594
0.7166390909090909
0.7173381818181819
0.7180372727272728
0.7187363636363637
0.7194354545454547
0.7201345454545456
0.7208336363636365
0.7215327272727274
0.7222318181818184
0.7229309090909093
0.72363
0.7243290909090909
0.7250281818181818
0.7257272727272728
0.7264263636363637
0.7271254545454546
0.7278245454545456
0.7285236363636365
0.7292227272727274
0.7299218181818183
0.7306209090909093
0.73132
0.732088
0.732856
0.7336239999999999
0.7343919999999999
0.7351599999999999
0.7359279999999999
0.7366959999999999
0.7374639999999999
0.7382319999999999
0.739
0.7396990909090909
0.7403981818181818
0.7410972727272728
0.7417963636363637
0.7424954545454546
0.7431945454545456
0.7438936363636365
0.7445927272727274
0.7452918181818183
0.7459909090909093
0.74669
0.747458
0.7482259999999999
0.7489939999999999
0.7497619999999999
0.7505299999999999
0.7512979999999999
0.7520659999999999
0.7528339999999999
0.7536019999999999
0.75437
0.7550690909090909
0.7557681818181818
0.7564672727272728
0.7571663636363637
0.7578654545454546
0.7585645454545455
0.7592636363636365
0.7599627272727274
0.7606618181818183
0.7613609090909093
0.76206
0.762828
0.7635959999999999
0.7643639999999999
0.7651319999999999
0.7658999999999999
0.7666679999999999
0.7674359999999999
0.7682039999999999
0.7689719999999999
0.76974
0.7704390909090909
0.7711381818181818
0.7718372727272728
0.7725363636363637
0.7732354545454546
0.7739345454545455
0.7746336363636365
0.7753327272727274
0.7760318181818183
0.7767309090909092
0.77743
0.7781979999999999
0.7789659999999999
0.7797339999999999
0.7805019999999999
0.7812699999999999
0.7820379999999999
0.7828059999999999
0.7835739999999999
0.7843419999999999
0.78511
0.7858090909090909
0.7865081818181818
0.7872072727272728
0.7879063636363637
0.7886054545454546
0.7893045454545455
0.7900036363636365
0.7907027272727274
0.7914018181818183
0.7921009090909092
0.7927999999999999
0.7934990909090909
0.7941981818181818
0.7948972727272727
0.7955963636363637
0.7962954545454546
0.7969945454545455
0.7976936363636364
0.7983927272727274
0.7990918181818183
0.7997909090909092
0.80049
0.801258
0.802026
0.802794
0.803562
0.80433
0.805098
0.805866
0.806634
0.807402
0.8081700000000001
0.808869090909091
0.8095681818181819
0.8102672727272728
0.8109663636363638
0.8116654545454547
0.8123645454545456
0.8130636363636365
0.8137627272727275
0.8144618181818184
0.8151609090909093
0.81586
0.816628
0.817396
0.818164
0.818932
0.8197
0.820468
0.821236
0.822004
0.8227719999999999
0.82354
0.824239090909091
0.8249381818181819
0.8256372727272728
0.8263363636363638
0.8270354545454547
0.8277345454545456
0.8284336363636365
0.8291327272727275
0.8298318181818184
0.8305309090909093
0.83123
0.831998
0.832766
0.833534
0.834302
0.83507
0.835838
0.836606
0.837374
0.8381419999999999
0.83891
0.839609090909091
0.8403081818181819
0.8410072727272728
0.8417063636363638
0.8424054545454547
0.8431045454545456
0.8438036363636365
0.8445027272727275
0.8452018181818184
0.8459009090909093
0.8466
0.847368
0.848136
0.848904
0.849672
0.85044
0.851208
0.851976
0.8527439999999999
0.8535119999999999
0.85428
0.854979090909091
0.8556781818181819
0.8563772727272728
0.8570763636363637
0.8577754545454547
0.8584745454545456
0.8591736363636365
0.8598727272727275
0.8605718181818184
0.8612709090909093
0.86197
0.862738
0.863506
0.864274
0.865042
0.86581
0.866578
0.867346
0.8681139999999999
0.8688819999999999
0.86965
0.870349090909091
0.8710481818181819
0.8717472727272728
0.8724463636363637
0.8731454545454547
0.8738445454545456
0.8745436363636365
0.8752427272727274
0.8759418181818184
0.8766409090909093
0.87734
0.8780390909090909
0.8787381818181819
0.8794372727272728
0.8801363636363637
0.8808354545454546
0.8815345454545456
0.8822336363636365
0.8829327272727274
0.8836318181818184
0.8843309090909093
0.88503
0.885798
0.886566
0.887334
0.8881019999999999
0.8888699999999999
0.8896379999999999
0.8904059999999999
0.8911739999999999
0.8919419999999999
0.89271
0.8934090909090909
0.8941081818181819
0.8948072727272728
0.8955063636363637
0.8962054545454546
0.8969045454545456
0.8976036363636365
0.8983027272727274
0.8990018181818183
0.8997009090909093
0.9004
0.901168
0.901936
0.902704
0.9034719999999999
0.9042399999999999
0.9050079999999999
0.9057759999999999
0.9065439999999999
0.9073119999999999
0.90808
0.9087790909090909
0.9094781818181819
0.9101772727272728
0.9108763636363637
0.9115754545454546
0.9122745454545456
0.9129736363636365
0.9136727272727274
0.9143718181818183
0.9150709090909093
0.91577
0.916538
0.917306
0.9180739999999999
0.9188419999999999
0.9196099999999999
0.9203779999999999
0.9211459999999999
0.9219139999999999
0.9226819999999999
0.92345
0.9241490909090909
0.9248481818181818
0.9255472727272728
0.9262463636363637
0.9269454545454546
0.9276445454545456
0.9283436363636365
0.9290427272727274
0.9297418181818183
0.9304409090909093
0.93114
0.931908
0.9326759999999999
0.9334439999999999
0.9342119999999999
0.9349799999999999
0.9357479999999999
0.9365159999999999
0.9372839999999999
0.9380519999999999
0.93882
0.9395190909090909
0.9402181818181818
0.9409172727272728
0.9416163636363637
0.9423154545454546
0.9430145454545455
0.9437136363636365
0.9444127272727274
0.9451118181818183
0.9458109090909093
0.94651
0.947278
0.9480459999999999
0.9488139999999999
0.9495819999999999
0.9503499999999999
0.9511179999999999
0.9518859999999999
0.9526539999999999
0.9534219999999999
0.95419
0.9548890909090909
0.9555881818181818
0.9562872727272728
0.9569863636363637
0.9576854545454546
0.9583845454545455
0.9590836363636365
0.9597827272727274
0.9604818181818183
0.9611809090909093
0.96188
0.9625790909090909
0.9632781818181818
0.9639772727272727
0.9646763636363637
0.9653754545454546
0.9660745454545455
0.9667736363636364
0.9674727272727274
0.9681718181818183
0.9688709090909092
0.96957
0.970338
0.971106
0.971874
0.972642
0.97341
0.974178
0.974946
0.975714
0.976482
0.97725
0.9779490909090909
0.9786481818181818
0.9793472727272727
0.9800463636363637
0.9807454545454546
0.9814445454545455
0.9821436363636364
0.9828427272727274
0.9835418181818183
0.9842409090909092
0.98494
0.985708
0.986476
0.987244
0.988012
0.98878
0.989548
0.990316
0.991084
0.991852
0.9926199999999999
0.9933190909090909
0.9940181818181818
0.9947172727272727
0.9954163636363637
0.9961154545454546
0.9968145454545455
0.9975136363636364
0.9982127272727274
0.9989118181818183
0.9996109090909092
1.00031
1.001078
1.001846
1.002614
1.003382
1.00415
1.004918
1.005685999999999
1.006453999999999
1.007221999999999
1.00799
1.008689090909091
1.009388181818182
1.010087272727273
1.010786363636364
1.011485454545455
1.012184545454546
1.012883636363636
1.013582727272727
1.014281818181818
1.014980909090909
1.01568
1.016448
1.017216
1.017984
1.018752
1.01952
1.020288000000001
1.021056000000001
1.021824000000001
1.022592000000001
1.02336
1.024059090909091
1.024758181818182
1.025457272727273
1.026156363636364
1.026855454545455
1.027554545454546
1.028253636363637
1.028952727272727
1.029651818181818
1.030350909090909
1.03105
1.031818
1.032586
1.033354
1.034122
1.034889999999999
1.035657999999999
1.036425999999999
1.037193999999999
1.037961999999999
1.03873
1.039429090909091
1.040128181818182
1.040827272727273
1.041526363636364
1.042225454545455
1.042924545454545
1.043623636363636
1.044322727272727
1.045021818181818
1.045720909090909
1.04642
1.047119090909091
1.047818181818182
1.048517272727273
1.049216363636364
1.049915454545455
1.050614545454545
1.051313636363636
1.052012727272727
1.052711818181818
1.053410909090909
1.05411
1.054878
1.055646
1.056414
1.057182
1.05795
1.058717999999999
1.059485999999999
1.060253999999999
1.061021999999999
1.06179
1.062489090909091
1.063188181818182
1.063887272727273
1.064586363636364
1.065285454545455
1.065984545454546
1.066683636363637
1.067382727272727
1.068081818181818
1.068780909090909
1.06948
1.070248
1.071016
1.071784
1.072552
1.073319999999999
1.074087999999999
1.074855999999999
1.075623999999999
1.076391999999999
1.07716
1.077859090909091
1.078558181818182
1.079257272727273
1.079956363636364
1.080655454545455
1.081354545454545
1.082053636363636
1.082752727272727
1.083451818181818
1.084150909090909
1.08485
1.085618
1.086386
1.087154
1.087922
1.08869
1.089458
1.090225999999999
1.090993999999999
1.091761999999999
1.09253
1.093229090909091
1.093928181818182
1.094627272727273
1.095326363636364
1.096025454545455
1.096724545454546
1.097423636363636
1.098122727272727
1.098821818181818
1.099520909090909
1.10022
1.100988
1.101756
1.102524
1.103292
1.10406
1.104828000000001
1.105596000000001
1.106364000000001
1.107132000000001
1.1079
1.108599090909091
1.109298181818182
1.109997272727273
1.110696363636364
1.111395454545455
1.112094545454546
1.112793636363637
1.113492727272728
1.114191818181818
1.114890909090909
1.11559
1.116358
1.117126
1.117894
1.118662
1.119429999999999
1.120197999999999
1.120965999999999
1.121733999999999
1.122501999999999
1.12327
1.123969090909091
1.124668181818182
1.125367272727273
1.126066363636364
1.126765454545455
1.127464545454546
1.128163636363636
1.128862727272727
1.129561818181818
1.130260909090909
1.13096
1.131659090909091
1.132358181818182
1.133057272727273
1.133756363636364
1.134455454545455
1.135154545454546
1.135853636363636
1.136552727272727
1.137251818181818
1.137950909090909
1.13865
1.139418
1.140186
1.140954
1.141722
1.14249
1.143258000000001
1.144026000000001
1.144794000000001
1.145562000000001
1.14633
1.147029090909091
1.147728181818182
1.148427272727273
1.149126363636364
1.149825454545455
1.150524545454546
1.151223636363637
1.151922727272727
1.152621818181818
1.153320909090909
1.15402
1.154788
1.155556
1.156324
1.157092
1.157859999999999
1.158627999999999
1.159395999999999
1.160163999999999
1.160931999999999
1.1617
1.162399090909091
1.163098181818182
1.163797272727273
1.164496363636364
1.165195454545455
1.165894545454546
1.166593636363636
1.167292727272727
1.167991818181818
1.168690909090909
1.16939
1.170158
1.170926
1.171694
1.172462
1.17323
1.173998000000001
1.174766000000001
1.175534000000001
1.176302000000001
1.17707
1.177769090909091
1.178468181818182
1.179167272727273
1.179866363636364
1.180565454545455
1.181264545454546
1.181963636363637
1.182662727272727
1.183361818181818
1.184060909090909
1.18476
1.185528
1.186296
1.187064
1.187832
1.1886
1.189368
1.190135999999999
1.190903999999999
1.191671999999999
1.19244
1.193139090909091
1.193838181818182
1.194537272727273
1.195236363636364
1.195935454545455
1.196634545454546
1.197333636363636
1.198032727272727
1.198731818181818
1.199430909090909
1.20013
1.200898
1.201666
1.202434
1.203202
1.20397
1.204738000000001
1.205506000000001
1.206274000000001
1.207042000000001
1.20781
1.208509090909091
1.209208181818182
1.209907272727273
1.210606363636364
1.211305454545455
1.212004545454546
1.212703636363637
1.213402727272727
1.214101818181818
1.214800909090909
1.2155
