.20102204408817635270
.20615898463593854375
.21128924515698062792
.21642618570474281897
.22155644622578490313
.22669338677354709418
.23182364729458917835
.23696058784235136940
.24209084836339345357
.24722778891115564462
.25235804943219772879
.25749498997995991983
.26263193052772211088
.26776219104876419505
.27289913159652638610
.27802939211756847027
.28316633266533066132
.28829659318637274549
.29343353373413493653
.29856379425517702070
.30370073480293921175
.30883099532398129592
.31396793587174348697
.31910487641950567802
.32423513694054776219
.32937207748830995323
.33450233800935203740
.33963927855711422845
.34476953907815631262
.34990647962591850367
.35503674014696058784
.36017368069472277889
.36530394121576486305
.37044088176352705410
.37557782231128924515
.38070808283233132932
.38584502338009352037
.39097528390113560454
.39611222444889779559
.40124248496993987975
.40637942551770207080
.41150968603874415497
.41664662658650634602
.42177688710754843019
.42691382765531062124
.43205076820307281229
.43718102872411489645
.44231796927187708750
.44744822979291917167
.45258517034068136272
.45771543086172344689
.46285237140948563794
.46798263193052772211
.47311957247828991315
.47824983299933199732
.48338677354709418837
.48852371409485637942
.49365397461589846359
.49879091516366065464
.50392117568470273881
.50905811623246492985
.51418837675350701402
.51932531730126920507
.52445557782231128924
.52959251837007348029
.53472945891783567134
.53985971943887775551
.54499665998663994655
.55012692050768203072
.55526386105544422177
.56039412157648630594
.56553106212424849699
.57066132264529058116
.57579826319305277221
.58092852371409485637
.58606546426185704742
.59120240480961923847
.59633266533066132264
.60146960587842351369
.60659986639946559786
.61173680694722778891
.61686706746826987307
.62200400801603206412
.62713426853707414829
.63227120908483633934
.63740146960587842351
.64253841015364061456
.64767535070140280561
.65280561122244488977
.65794255177020708082
.66307281229124916499
.66820975283901135604
.67334001336005344021
.67847695390781563126
.68360721442885771543
.68874415497661990647
.69387441549766199064
.69901135604542418169
.70414829659318637274
.70927855711422845691
.71441549766199064796
.71954575818303273213
.72468269873079492317
.72981295925183700734
.73494989979959919839
.74008016032064128256
.74521710086840347361
.75034736138944555778
.75548430193720774883
.76062124248496993987
.76575150300601202404
.77088844355377421509
.77601870407481629926
.78115564462257849031
.78628590514362057448
.79142284569138276553
.79655310621242484969
.80169004676018704074
.80682030728122912491
.81195724782899131596
