0.300927	1.889
0.3016263636363636	1.889052616489297
0.3023257272727273	1.889169588987426
0.3030250909090909	1.88934498802852
0.3037244545454545	1.889572884146712
0.3044238181818182	1.889847347876136
0.3051231818181818	1.890162449750924
0.3058225454545455	1.89051226030521
0.3065219090909091	1.890890850073127
0.3072212727272727	1.891292289588809
0.3079206363636364	1.891710649386389
0.30862	1.89214
0.309388	1.89261709493463
0.310156	1.893092441245202
0.310924	1.893558186754519
0.311692	1.894006479285384
0.31246	1.894429466660598
0.313228	1.894819296702965
0.3139959999999999	1.895168117235286
0.3147639999999999	1.895468076080363
0.3155319999999999	1.895711321061001
0.3163	1.89589
0.316999090909091	1.895990447347498
0.3176981818181819	1.896028322577171
0.3183972727272728	1.896001059299067
0.3190963636363637	1.895906091123233
0.3197954545454547	1.895740851659718
0.3204945454545456	1.895502774518569
0.3211936363636365	1.895189293309834
0.3218927272727274	1.894797841643562
0.3225918181818184	1.8943258531298
0.3232909090909093	1.893770761378597
0.32399	1.89313
0.324758	1.892327361776556
0.325526	1.891433376957404
0.326294	1.890463187034556
0.327062	1.889431933500021
0.32783	1.888354757845812
0.3285979999999999	1.887246801563937
0.3293659999999999	1.886123206146407
0.3301339999999999	1.884999113085235
0.3309019999999999	1.883889663872429
0.33167	1.88281
0.3323690909090909	1.881863949878336
0.3330681818181819	1.880954985675266
0.3337672727272728	1.880082966941188
0.3344663636363637	1.879247753226499
0.3351654545454547	1.878449204081598
0.3358645454545456	1.877687179056881
0.3365636363636365	1.876961537702748
0.3372627272727274	1.876272139569595
0.3379618181818184	1.875618844207821
0.3386609090909093	1.875001511167823
0.33936	1.87442
0.340128	1.873821004597114
0.340896	1.873257145138799
0.341664	1.872720495262749
0.342432	1.872203128606657
0.3431999999999999	1.871697118808214
0.3439679999999999	1.871194539505115
0.3447359999999999	1.870687464335051
0.3455039999999999	1.870167966935715
0.3462719999999999	1.869628120944801
0.34704	1.86906
0.3477390909090909	1.86851684268668
0.3484381818181819	1.867969255025082
0.3491372727272728	1.867442803073397
0.3498363636363637	1.86696305288982
0.3505354545454546	1.866555570532544
0.3512345454545456	1.866245922059761
0.3519336363636365	1.866059673529664
0.3526327272727274	1.866022391000446
0.3533318181818184	1.866159640530301
0.3540309090909093	1.866496988177421
0.35473	1.86706
0.355498	1.86795704467003
0.356266	1.869119018867406
0.357034	1.870507653630204
0.357802	1.8720846799965
0.3585699999999999	1.873811829004371
0.3593379999999999	1.875650831691892
0.3601059999999999	1.877563419097139
0.3608739999999999	1.879511322258189
0.3616419999999999	1.881456272213117
0.36241	1.88336
0.3631090909090909	1.885031897641108
0.3638081818181819	1.886651664280599
0.3645072727272728	1.888233035258091
0.3652063636363637	1.889789745913199
0.3659054545454546	1.891335531585541
0.3666045454545456	1.892884127614732
0.3673036363636365	1.894449269340388
0.3680027272727274	1.896044692102127
0.3687018181818184	1.897684131239564
0.3694009090909093	1.899381322092317
0.3701	1.90115
0.370868	1.903185232088245
0.371636	1.905302281200235
0.372404	1.907480113278043
0.3731719999999999	1.909697694263747
0.3739399999999999	1.911933990099422
0.3747079999999999	1.914167966727143
0.3754759999999999	1.916378590088985
0.3762439999999999	1.918544826127025
0.3770119999999999	1.920645640783338
0.37778	1.92266
0.3784790909090909	1.924403980699149
0.3791781818181819	1.926062644842443
0.3798772727272728	1.927639741659465
0.3805763636363637	1.929139020379801
0.3812754545454546	1.930564230233034
0.3819745454545456	1.931919120448748
0.3826736363636365	1.933207440256529
0.3833727272727274	1.93443293888596
0.3840718181818183	1.935599365566626
0.3847709090909093	1.936710469528112
0.38547	1.93777
0.3861690909090909	1.938781598575108
0.3868681818181818	1.939748476299179
0.3875672727272728	1.940673736581188
0.3882663636363637	1.941560482830109
0.3889654545454546	1.942411818454918
0.3896645454545455	1.943230846864589
0.3903636363636365	1.944020671468097
0.3910627272727274	1.944784395674418
0.3917618181818183	1.945525122892525
0.3924609090909092	1.946245956531394
0.39316	1.94695
0.393928	1.947706627965208
0.394696	1.948443932099053
0.395464	1.94915910650786
0.396232	1.94984934529796
0.397	1.950511842575677
0.397768	1.95114379244734
0.3985359999999999	1.951742389019277
0.3993039999999999	1.952304826397814
0.4000719999999999	1.952828298689279
0.40084	1.95331
0.4015390909090909	1.953710547462407
0.4022381818181818	1.95407654707508
0.4029372727272728	1.954410387381345
0.4036363636363637	1.954714456924529
0.4043354545454546	1.954991144247959
0.4050345454545455	1.955242837894961
0.4057336363636365	1.955471926408863
0.4064327272727274	1.955680798332991
0.4071318181818183	1.955871842210672
0.4078309090909092	1.956047446585233
0.40853	1.95621
0.409298	1.956374848783505
0.410066	1.956520833040703
0.410834	1.956641956237001
0.411602	1.956732221837804
0.41237	1.95678563330852
0.4131379999999999	1.956796194114554
0.4139059999999999	1.956757907721312
0.4146739999999999	1.956664777594202
0.4154419999999999	1.956510807198629
0.41621	1.95629
0.416909090909091	1.956027910405437
0.4176081818181819	1.955713390291873
0.4183072727272728	1.955354358835582
0.4190063636363637	1.954958735212838
0.4197054545454547	1.954534438599915
0.4204045454545456	1.954089388173089
0.4211036363636365	1.953631503108634
0.4218027272727274	1.953168702582823
0.4225018181818184	1.95270890577193
0.4232009090909093	1.952260031852231
0.4239	1.95183
0.424668	1.951384295003486
0.425436	1.950954788086916
0.426204	1.950525380386687
0.426972	1.950079973039197
0.42774	1.949602467180842
0.4285079999999999	1.94907676394802
0.4292759999999999	1.948486764477127
0.4300439999999999	1.947816369904561
0.4308119999999999	1.94704948136672
0.43158	1.94617
0.4322790909090909	1.945262263754258
0.4329781818181819	1.944261575243148
0.4336772727272728	1.943181616123024
0.4343763636363637	1.942036068050239
0.4350754545454547	1.940838612681148
0.4357745454545456	1.939602931672105
0.4364736363636365	1.938342706679464
0.4371727272727274	1.937071619359579
0.4378718181818184	1.935803351368804
0.4385709090909093	1.934551584363493
0.43927	1.93333
0.440038	1.932033779637756
0.440806	1.930776800159561
0.441574	1.929545364597416
0.442342	1.928325775983324
0.4431099999999999	1.927104337349288
0.4438779999999999	1.925867351727308
0.4446459999999999	1.924601122149387
0.4454139999999999	1.923291951647527
0.4461819999999999	1.921926143253731
0.44695	1.92049
0.4476490909090909	1.919112101377865
0.4483481818181819	1.917666785205461
0.4490472727272728	1.916156262695565
0.4497463636363637	1.914582745060954
0.4504454545454546	1.912948443514407
0.4511445454545456	1.9112555692687
0.4518436363636365	1.909506333536612
0.4525427272727274	1.907702947530921
0.4532418181818184	1.905847622464403
0.4539409090909093	1.903942569549837
0.45464	1.90199
0.455408	1.899792494619627
0.456176	1.897541254719069
0.456944	1.895237222858426
0.457712	1.892881341597798
0.4584799999999999	1.890474553497287
0.4592479999999999	1.888017801116993
0.4600159999999999	1.885512027017017
0.4607839999999999	1.882958173757459
0.4615519999999999	1.88035718389842
0.46232	1.87771
0.4630190909090909	1.875264390232978
0.4637181818181819	1.872802530335469
0.4644172727272728	1.870345665547556
0.4651163636363637	1.867915041109326
0.4658154545454546	1.865531902260864
0.4665145454545456	1.863217494242255
0.4672136363636365	1.860993062293585
0.4679127272727274	1.858879851654939
0.4686118181818184	1.856899107566403
0.4693109090909093	1.855072075268061
0.47001	1.85342
0.4707090909090909	1.851958138666681
0.4714081818181818	1.850677794830074
0.4721072727272728	1.849564283716528
0.4728063636363637	1.848602920552389
0.4735054545454546	1.847779020564005
0.4742045454545455	1.847077898977723
0.4749036363636365	1.84648487101989
0.4756027272727274	1.845985251916854
0.4763018181818183	1.845564356894962
0.4770009090909093	1.845207501180562
0.4777	1.8449
0.478468	1.844600890250635
0.479236	1.844319914214784
0.480004	1.844033364228993
0.480772	1.843717532629807
0.48154	1.843348711753773
0.482308	1.842903193937437
0.4830759999999999	1.842357271517346
0.4838439999999999	1.841687236830045
0.4846119999999999	1.840869382212081
0.48538	1.83988
0.4860790909090909	1.838824979303837
0.4867781818181818	1.837678607981081
0.4874772727272728	1.836511307317311
0.4881763636363637	1.835393498598104
0.4888754545454546	1.83439560310904
0.4895745454545455	1.833588042135694
0.4902736363636365	1.833041236963647
0.4909727272727274	1.832825608878476
0.4916718181818183	1.833011579165759
0.4923709090909092	1.833669569111074
0.49307	1.83487
0.493838	1.836874870133345
0.494606	1.839574695464534
0.495374	1.842924795283262
0.496142	1.846880488879227
0.49691	1.851397095542125
0.497678	1.856429934561653
0.4984459999999999	1.861934325227508
0.4992139999999999	1.867865586829386
0.4999819999999999	1.874179038656984
0.50075	1.88083
0.501449090909091	1.887140635244364
0.5021481818181819	1.893664262616962
0.5028472727272728	1.900371236331484
0.5035463636363637	1.907231910601624
0.5042454545454547	1.914216639641073
0.5049445454545456	1.921295777663523
0.5056436363636365	1.928439678882665
0.5063427272727274	1.935618697512193
0.5070418181818184	1.942803187765797
0.5077409090909093	1.949963503857169
0.50844	1.95707
0.509208	1.964789807361792
0.509976	1.972430549272848
0.510744	1.980013891330377
0.511512	1.98756149913159
0.51228	1.995095038273698
0.5130479999999999	2.002636174353909
0.5138159999999999	2.010206572969435
0.5145839999999999	2.017827899717485
0.5153519999999999	2.025521820195269
0.51612	2.03331
0.516819090909091	2.040498591329975
0.5175181818181819	2.047793476445838
0.5182172727272728	2.05520489375454
0.5189163636363637	2.062743081663025
0.5196154545454547	2.070418278578244
0.5203145454545456	2.078240722907143
0.5210136363636365	2.086220653056669
0.5217127272727274	2.09436830743377
0.5224118181818184	2.102693924445395
0.5231109090909093	2.11120774249849
0.52381	2.11992
0.524578	2.129724182026319
0.525346	2.139747148609418
0.526114	2.149955840371644
0.526882	2.160317197935345
0.52765	2.170798161922869
0.5284179999999999	2.181365672956563
0.5291859999999999	2.191986671658776
0.5299539999999999	2.202628098651854
0.5307219999999999	2.213256894558145
0.53149	2.22384
0.5321890909090909	2.2334117612036
0.5328881818181819	2.242928358900749
0.5335872727272728	2.252399881695174
0.5342863636363637	2.261836418190605
0.5349854545454547	2.27124805699077
0.5356845454545456	2.280644886699399
0.5363836363636365	2.29003699592022
0.5370827272727274	2.299434473256962
0.5377818181818184	2.308847407313354
0.5384809090909093	2.318285886693125
0.53918	2.32776
0.539948	2.33821566891853
0.540716	2.348707549759296
0.541484	2.359216673974915
0.542252	2.369724073018004
0.5430199999999999	2.380210778341182
0.5437879999999999	2.390657821397065
0.5445559999999999	2.40104623363827
0.5453239999999999	2.411357046517416
0.5460919999999999	2.42157129148712
0.54686	2.43167
0.5475590909090909	2.440750204552442
0.5482581818181819	2.449728992572077
0.5489572727272728	2.458616398357253
0.5496563636363637	2.46742245620632
0.5503554545454546	2.476157200417625
0.5510545454545456	2.484830665289518
0.5517536363636365	2.493452885120348
0.5524527272727274	2.502033894208462
0.5531518181818184	2.51058372685221
0.5538509090909093	2.519112417349941
0.55455	2.52763
0.5552490909090909	2.536144878672092
0.5559481818181818	2.544658935521317
0.5566472727272728	2.553172422274126
0.5573463636363637	2.561685590656974
0.5580454545454546	2.570198692396313
0.5587445454545455	2.578711979218595
0.5594436363636365	2.587225702850273
0.5601427272727274	2.5957401150178
0.5608418181818183	2.604255467447629
0.5615409090909093	2.612772011866213
0.56224	2.62129
0.563008	2.630649483650291
0.5637759999999999	2.640010850341716
0.5645439999999999	2.649373936962992
0.5653119999999999	2.658738580402837
0.5660799999999999	2.668104617549968
0.5668479999999999	2.677471885293101
0.5676159999999999	2.686840220520954
0.5683839999999999	2.696209460122243
0.5691519999999999	2.705579440985685
0.56992	2.71495
0.5706190909090909	2.723480024334285
0.5713181818181818	2.7320095326509
0.5720172727272728	2.740537665030418
0.5727163636363637	2.749063561553414
0.5734154545454546	2.757586362300462
0.5741145454545455	2.766105207352136
0.5748136363636365	2.774619236789011
0.5755127272727274	2.783127590691661
0.5762118181818183	2.79162940914066
0.5769109090909093	2.800123832216582
0.57761	2.80861
0.5783779999999999	2.817921968003823
0.5791459999999999	2.82722096771164
0.5799139999999999	2.83650503156747
0.5806819999999999	2.845772192015327
0.5814499999999999	2.85502048149923
0.5822179999999999	2.864247932463194
0.5829859999999999	2.873452577351237
0.5837539999999999	2.882632448607374
0.5845219999999999	2.891785578675623
0.58529	2.90091
0.5859890909090909	2.909189923859015
0.5866881818181818	2.917447833195702
0.5873872727272728	2.925687131866296
0.5880863636363637	2.933911223727034
0.5887854545454546	2.94212351263415
0.5894845454545455	2.950327402443881
0.5901836363636365	2.958526297012463
0.5908827272727274	2.96672360019613
0.5915818181818183	2.974922715851118
0.5922809090909092	2.983127047833664
0.59298	2.99134
0.5937479999999999	3.000375155996415
0.5945159999999999	3.009421341040845
0.5952839999999999	3.01847507290725
0.5960519999999999	3.02753286936959
0.5968199999999999	3.036591248201824
0.5975879999999999	3.045646727177913
0.5983559999999999	3.054695824071815
0.5991239999999999	3.06373505665749
0.5998919999999999	3.072760942708898
0.60066	3.08177
0.6013590909090909	3.089954589283713
0.6020581818181818	3.098128372297056
0.6027572727272728	3.106297372450632
0.6034563636363637	3.114467613155045
0.6041554545454546	3.122645117820896
0.6048545454545455	3.130835909858791
0.6055536363636365	3.13904601267933
0.6062527272727274	3.147281449693119
0.6069518181818183	3.155548244310758
0.6076509090909092	3.163852419942851
0.6083499999999999	3.1722
0.6091179999999999	3.181421753603978
0.6098859999999999	3.190676057100309
0.6106539999999999	3.199935808145695
0.6114219999999999	3.209173904396839
0.6121899999999999	3.218363243510445
0.6129579999999999	3.227476723143216
0.6137259999999999	3.236487240951853
0.6144939999999999	3.245367694593061
0.6152619999999999	3.254090981723542
0.61603	3.26263
0.6167290909090909	3.270226290624697
0.6174281818181818	3.277666046469288
0.6181272727272727	3.284967874903678
0.6188263636363637	3.292150383297771
0.6195254545454546	3.29923217902147
0.6202245454545455	3.306231869444679
0.6209236363636365	3.313168061937301
0.6216227272727274	3.320059363869241
0.6223218181818183	3.326924382610402
0.6230209090909092	3.333781725530687
0.6237200000000001	3.34065
0.624488	3.348225146880826
0.625256	3.355831302456163
0.626024	3.363463826225501
0.626792	3.371118077688329
0.62756	3.378789416344137
0.628328	3.386473201692414
0.629096	3.39416479323265
0.629864	3.401859550464333
0.630632	3.409552832886953
0.6314	3.41724
0.6320990909090909	3.424228931055363
0.6327981818181818	3.431209822269792
0.6334972727272727	3.438183546065361
0.6341963636363637	3.445150974864146
0.6348954545454546	3.452112981088221
0.6355945454545455	3.459070437159664
0.6362936363636365	3.466024215500547
0.6369927272727274	3.472975188532948
0.6376918181818183	3.47992422867894
0.6383909090909092	3.486872208360599
0.63909	3.49382
0.639789090909091	3.500768413802872
0.6404881818181819	3.507718011109555
0.6411872727272728	3.514669291044041
0.6418863636363638	3.521622752730324
0.6425854545454547	3.528578895292395
0.6432845454545456	3.535538217854249
0.6439836363636365	3.542501219539878
0.6446827272727275	3.549468399473275
0.6453818181818184	3.556440256778433
0.6460809090909093	3.563417290579344
0.64678	3.5704
0.647548	3.578077492882958
0.648316	3.585759284636757
0.649084	3.593442222111251
0.649852	3.601123152156296
0.65062	3.608798921621746
0.651388	3.616466377357457
0.652156	3.624122366213283
0.6529239999999999	3.631763735039078
0.6536919999999999	3.639387330684699
0.65446	3.64699
0.655159090909091	3.653889523806025
0.6558581818181819	3.660765879957944
0.6565572727272728	3.667615853056422
0.6572563636363637	3.674436227702122
0.6579554545454547	3.681223788495708
0.6586545454545456	3.687975320037844
0.6593536363636365	3.694687606929193
0.6600527272727275	3.70135743377042
0.6607518181818184	3.707981585162188
0.6614509090909093	3.714556845705161
0.66215	3.72108
0.662918	3.728184332450854
0.663686	3.73523014884105
0.664454	3.742225698322431
0.665222	3.749179230046839
0.66599	3.756098993166115
0.666758	3.762993236832102
0.667526	3.769870210196642
0.6682939999999999	3.776738162411577
0.6690619999999999	3.783605342628748
0.66983	3.79048
0.670529090909091	3.796750030226928
0.6712281818181819	3.803031786599434
0.6719272727272728	3.809323964447803
0.6726263636363637	3.815625259102321
0.6733254545454547	3.821934365893271
0.6740245454545456	3.828249980150939
0.6747236363636365	3.834570797205608
0.6754227272727275	3.840895512387565
0.6761218181818184	3.847222821027092
0.6768209090909093	3.853551418454477
0.67752	3.85988
0.678288	3.866831074454407
0.679056	3.873780379270797
0.679824	3.880727738525561
0.680592	3.887672976295085
0.68136	3.894615916655761
0.682128	3.901556383683975
0.6828959999999999	3.908494201456117
0.6836639999999999	3.915429194048575
0.6844319999999999	3.92236118553774
0.6852	3.92929
0.685899090909091	3.935594390401292
0.6865981818181819	3.941896932137162
0.6872972727272728	3.948198554796603
0.6879963636363637	3.954500187968611
0.6886954545454547	3.960802761242178
0.6893945454545456	3.9671072042063
0.6900936363636365	3.973414446449969
0.6907927272727274	3.979725417562179
0.6914918181818184	3.986041047131926
0.6921909090909093	3.992362264748202
0.69289	3.99869
0.693658	4.005649268540212
0.694426	4.012613905814403
0.695194	4.019580292835646
0.695962	4.026544810617016
0.69673	4.033503840171584
0.697498	4.040453762512427
0.6982659999999999	4.047390958652615
0.6990339999999999	4.054311809605225
0.6998019999999999	4.061212696383328
0.70057	4.06809
0.701269090909091	4.07432718693414
0.7019681818181819	4.080542155203345
0.7026672727272728	4.086735225839713
0.7033663636363637	4.092906719875339
0.7040654545454547	4.099056958342318
0.7047645454545456	4.105186262272748
0.7054636363636365	4.111294952698724
0.7061627272727274	4.117383350652341
0.7068618181818184	4.123451777165696
0.7075609090909093	4.129500553270884
0.70826	4.13553
0.709028	4.142132261120376
0.709796	4.148714368002979
0.710564	4.155279106726942
0.711332	4.161829263371398
0.7121	4.168367624015483
0.7128679999999999	4.174896974738329
0.7136359999999999	4.18142010161907
0.7144039999999999	4.187939790736839
0.7151719999999999	4.194458828170771
0.71594	4.20098
0.7166390909090909	4.206919827469363
0.7173381818181819	4.212863221393672
0.7180372727272728	4.21880967112332
0.7187363636363637	4.224758666008702
0.7194354545454547	4.23070969540021
0.7201345454545456	4.236662248648241
0.7208336363636365	4.242615815103187
0.7215327272727274	4.248569884115442
0.7222318181818184	4.2545239450354
0.7229309090909093	4.260477487213455
0.72363	4.26643
0.7243290909090909	4.272381112749168
0.7250281818181818	4.278331014830042
0.7257272727272728	4.284280035615441
0.7264263636363637	4.290228504478186
0.7271254545454546	4.296176750791099
0.7278245454545456	4.302125103926997
0.7285236363636365	4.308073893258702
0.7292227272727274	4.314023448159035
0.7299218181818183	4.319974098000816
0.7306209090909093	4.325926172156865
0.73132	4.33188
0.732088	4.338422931483612
0.732856	4.34496775605414
0.7336239999999999	4.351513852847025
0.7343919999999999	4.358060600997703
0.7351599999999999	4.364607379641614
0.7359279999999999	4.371153567914196
0.7366959999999999	4.377698544950887
0.7374639999999999	4.384241689887125
0.7382319999999999	4.39078238185835
0.739	4.39732
0.7396990909090909	4.403268053545423
0.7403981818181818	4.409213908346219
0.7410972727272728	4.415158427080902
0.7417963636363637	4.421102472427987
0.7424954545454546	4.427046907065987
0.7431945454545456	4.432992593673416
0.7438936363636365	4.43894039492879
0.7445927272727274	4.44489117351062
0.7452918181818183	4.450845792097423
0.7459909090909093	4.456805113367713
0.74669	4.46277
0.747458	4.469329594633587
0.7482259999999999	4.475893946717374
0.7489939999999999	4.482460055988072
0.7497619999999999	4.489024922182387
0.7505299999999999	4.495585545037031
0.7512979999999999	4.502138924288713
0.7520659999999999	4.508682059674141
0.7528339999999999	4.515211950930025
0.7536019999999999	4.521725597793075
0.75437	4.52822
0.7550690909090909	4.534113114359082
0.7557681818181818	4.539989657987849
0.7564672727272728	4.54585149229368
0.7571663636363637	4.551700478683953
0.7578654545454546	4.557538478566046
0.7585645454545455	4.563367353347338
0.7592636363636365	4.569188964435205
0.7599627272727274	4.575005173237026
0.7606618181818183	4.580817841160181
0.7613609090909093	4.586628829612047
0.76206	4.59244
0.762828	4.598825908666126
0.7635959999999999	4.605213798154539
0.7643639999999999	4.611603183268038
0.7651319999999999	4.61799357880942
0.7658999999999999	4.624384499581486
0.7666679999999999	4.630775460387032
0.7674359999999999	4.637165976028858
0.7682039999999999	4.643555561309762
0.7689719999999999	4.649943731032543
0.76974	4.65633
0.7704390909090909	4.662141314013122
0.7711381818181818	4.667950988666504
0.7718372727272728	4.673759361600397
0.7725363636363637	4.67956677045505
0.7732354545454546	4.685373552870716
0.7739345454545455	4.691180046487643
0.7746336363636365	4.696986588946085
0.7753327272727274	4.702793517886291
0.7760318181818183	4.708601170948511
0.7767309090909092	4.714409885772999
0.77743	4.72022
0.7781979999999999	4.726604693295496
0.7789659999999999	4.732991111621999
0.7797339999999999	4.73937888365159
0.7805019999999999	4.745767638056351
0.7812699999999999	4.752157003508361
0.7820379999999999	4.758546608679703
0.7828059999999999	4.764936082242457
0.7835739999999999	4.771325052868703
0.7843419999999999	4.777713149230523
0.78511	4.7841
0.7858090909090909	4.789912458871326
0.7865081818181818	4.795723699055036
0.7872072727272728	4.801533841643457
0.7879063636363637	4.80734300772892
0.7886054545454546	4.813151318403754
0.7893045454545455	4.818958894760288
0.7900036363636365	4.824765857890853
0.7907027272727274	4.830572328887778
0.7914018181818183	4.836378428843391
0.7921009090909092	4.842184278850023
0.7927999999999999	4.84799
0.7934990909090909	4.853795714091505
0.7941981818181818	4.859601545746102
0.7948972727272727	4.865407620291205
0.7955963636363637	4.871214063054229
0.7962954545454546	4.877020999362589
0.7969945454545455	4.882828554543698
0.7976936363636364	4.888636853924972
0.7983927272727274	4.894446022833825
0.7990918181818183	4.90025618659767
0.7997909090909092	4.906067470543925
0.80049	4.91188
0.801258	4.918266970524088
0.802026	4.924655267248108
0.802794	4.931044561970077
0.803562	4.937434526488015
0.80433	4.943824832599939
0.805098	4.950215152103867
0.805866	4.95660515679782
0.806634	4.962994518479814
0.807402	4.969382908947868
0.8081700000000001	4.97577
0.808869090909091	4.981582660440457
0.8095681818181819	4.987394085466794
0.8102672727272728	4.993204388308897
0.8109663636363638	4.999013682196658
0.8116654545454547	5.004822080359964
0.8123645454545456	5.010629696028703
0.8130636363636365	5.016436642432764
0.8137627272727275	5.022243032802035
0.8144618181818184	5.028048980366407
0.8151609090909093	5.033854598355766
0.81586	5.03966
0.816628	5.046037288619062
0.817396	5.052413196513226
0.818164	5.058786467402739
0.818932	5.065155845007851
0.8197	5.071520073048809
0.820468	5.077877895245863
0.821236	5.084228055319261
0.822004	5.09056929698925
0.8227719999999999	5.09690036397608
0.82354	5.10322
0.824239090909091	5.108961988605303
0.8249381818181819	5.114694811476292
0.8256372727272728	5.120419815526474
0.8263363636363638	5.126138347669359
0.8270354545454547	5.131851754818457
0.8277345454545456	5.137561383887276
0.8284336363636365	5.143268581789324
0.8291327272727275	5.148974695438112
0.8298318181818184	5.154681071747149
0.8305309090909093	5.160389057629942
0.83123	5.1661
0.831998	5.172378441952935
0.832766	5.178661240331399
0.833534	5.184947557979742
0.834302	5.191236557742312
0.83507	5.197527402463456
0.835838	5.203819254987525
0.836606	5.210111278158864
0.837374	5.216402634821825
0.8381419999999999	5.222692487820754
0.83891	5.22898
0.839609090909091	5.23470079947834
0.8403081818181819	5.240419402212081
0.8410072727272728	5.246136244726624
0.8417063636363638	5.251851763547371
0.8424054545454547	5.257566395199722
0.8431045454545456	5.26328057620908
0.8438036363636365	5.268994743100845
0.8445027272727275	5.274709332400419
0.8452018181818184	5.280424780633202
0.8459009090909093	5.286141524324595
0.8466	5.29186
0.847368	5.298144479711177
0.848136	5.304431076101665
0.848904	5.310719288774123
0.849672	5.317008617331212
0.85044	5.323298561375593
0.851208	5.329588620509927
0.851976	5.335878294336873
0.8527439999999999	5.342167082459094
0.8535119999999999	5.348454484479249
0.85428	5.35474
0.854979090909091	5.360459601346008
0.8556781818181819	5.366177557469756
0.8563772727272728	5.371894200931355
0.8570763636363637	5.377609864290914
0.8577754545454547	5.383324880108545
0.8584745454545456	5.389039580944357
0.8591736363636365	5.394754299358461
0.8598727272727275	5.400469367910967
0.8605718181818184	5.406185119161986
0.8612709090909093	5.411901885671627
0.86197	5.41762
0.862738	5.423903575023377
0.863506	5.430188893117177
0.864274	5.436475669378043
0.865042	5.442763618902621
0.86581	5.44905245678755
0.866578	5.455341898129476
0.867346	5.461631658025041
0.8681139999999999	5.467921451570888
0.8688819999999999	5.474210993863659
0.86965	5.4805
0.870349090909091	5.486224016614242
0.8710481818181819	5.491947140332054
0.8717472727272728	5.497669158587055
0.8724463636363637	5.503389858812861
0.8731454545454547	5.509109028443093
0.8738445454545456	5.514826454911367
0.8745436363636365	5.520541925651301
0.8752427272727274	5.526255228096513
0.8759418181818184	5.531966149680622
0.8766409090909093	5.537674477837246
0.87734	5.54338
0.8780390909090909	5.549082778017074
0.8787381818181819	5.554783971394927
0.8794372727272728	5.560485014054582
0.8801363636363637	5.566187339917069
0.8808354545454546	5.571892382903414
0.8815345454545456	5.577601576934644
0.8822336363636365	5.583316355931784
0.8829327272727274	5.589038153815864
0.8836318181818184	5.594768404507909
0.8843309090909093	5.600508541928946
0.88503	5.60626
0.885798	5.612591135785038
0.886566	5.618927579403085
0.887334	5.625259245768009
0.8881019999999999	5.63157604979368
0.8888699999999999	5.637867906393966
0.8896379999999999	5.644124730482734
0.8904059999999999	5.650336436973852
0.8911739999999999	5.656492940781191
0.8919419999999999	5.662584156818617
0.89271	5.6686
0.8934090909090909	5.674004680217854
0.8941081818181819	5.679346836775774
0.8948072727272728	5.684634756454972
0.8955063636363637	5.689876726036659
0.8962054545454546	5.695081032302048
0.8969045454545456	5.700255962032352
0.8976036363636365	5.705409802008782
0.8983027272727274	5.710550839012549
0.8990018181818183	5.715687359824867
0.8997009090909093	5.720827651226947
0.9004	5.72598
0.901168	5.731661600935524
0.901936	5.737364476318978
0.902704	5.743085348154428
0.9034719999999999	5.748820938445938
0.9042399999999999	5.754567969197577
0.9050079999999999	5.760323162413409
0.9057759999999999	5.766083240097501
0.9065439999999999	5.771844924253919
0.9073119999999999	5.77760493688673
0.90808	5.78336
0.9087790909090909	5.788592184117366
0.9094781818181819	5.793818464221894
0.9101772727272728	5.799039753619128
0.9108763636363637	5.804256965614615
0.9115754545454546	5.809471013513902
0.9122745454545456	5.814682810622536
0.9129736363636365	5.819893270246061
0.9136727272727274	5.825103305690023
0.9143718181818183	5.83031383025997
0.9150709090909093	5.835525757261448
0.91577	5.84074
0.916538	5.846471650345536
0.917306	5.852206519690661
0.9180739999999999	5.857943930048402
0.9188419999999999	5.863683203431784
0.9196099999999999	5.869423661853833
0.9203779999999999	5.875164627327576
0.9211459999999999	5.880905421866039
0.9219139999999999	5.886645367482246
0.9226819999999999	5.892383786189225
0.92345	5.89812
0.9241490909090909	5.903339194591298
0.9248481818181818	5.908556410612799
0.9255472727272728	5.91377205825138
0.9262463636363637	5.918986547693916
0.9269454545454546	5.924200289127285
0.9276445454545456	5.929413692738359
0.9283436363636365	5.934627168714018
0.9290427272727274	5.939841127241135
0.9297418181818183	5.945055978506588
0.9304409090909093	5.950272132697251
0.93114	5.95549
0.931908	5.961224481753344
0.9326759999999999	5.96696104038044
0.9334439999999999	5.972699190240851
0.9342119999999999	5.978438445694143
0.9349799999999999	5.984178321099879
0.9357479999999999	5.989918330817626
0.9365159999999999	5.995657989206946
0.9372839999999999	6.001396810627406
0.9380519999999999	6.007134309438569
0.93882	6.01287
0.9395190909090909	6.018089188493396
0.9402181818181818	6.023306810206091
0.9409172727272728	6.028523199074519
0.9416163636363637	6.033738689035109
0.9423154545454546	6.038953614024291
0.9430145454545455	6.0441683079785
0.9437136363636365	6.049383104834163
0.9444127272727274	6.054598338527714
0.9451118181818183	6.059814342995583
0.9458109090909093	6.065031452174202
0.94651	6.07025
0.947278	6.075984854516343
0.9480459999999999	6.081721455487387
0.9488139999999999	6.087459410116257
0.9495819999999999	6.093198325606079
0.9503499999999999	6.098937809159978
0.9511179999999999	6.104677467981077
0.9518859999999999	6.110416909272504
0.9526539999999999	6.116155740237383
0.9534219999999999	6.12189356807884
0.95419	6.12763
0.9548890909090909	6.132850254564263
0.9555881818181818	6.138069157529452
0.9562872727272728	6.143286839427338
0.9569863636363637	6.148503430789691
0.9576854545454546	6.153719062148283
0.9583845454545455	6.158933864034883
0.9590836363636365	6.164147966981264
0.9597827272727274	6.169361501519194
0.9604818181818183	6.174574598180447
0.9611809090909093	6.179787387496793
0.96188	6.185
0.9625790909090909	6.190212577942387
0.9632781818181818	6.195425310458448
0.9639772727272727	6.200638398403225
0.9646763636363637	6.205852042631756
0.9653754545454546	6.211066443999083
0.9660745454545455	6.216281803360244
0.9667736363636364	6.221498321570283
0.9674727272727274	6.226716199484237
0.9681718181818183	6.231935637957148
0.9688709090909092	6.237156837844056
0.96957	6.24238
0.970338	6.248120321579612
0.971106	6.253862401059123
0.971874	6.259605385761104
0.972642	6.265348423008126
0.97341	6.271090660122756
0.974178	6.276831244427565
0.974946	6.282569323245125
0.975714	6.288304043898003
0.976482	6.294034553708772
0.97725	6.29976
0.9779490909090909	6.304967176686513
0.9786481818181818	6.310172227009509
0.9793472727272727	6.315377926765603
0.9800463636363637	6.320587051751414
0.9807454545454546	6.325802377763559
0.9814445454545455	6.331026680598654
0.9821436363636364	6.336262736053318
0.9828427272727274	6.341513319924168
0.9835418181818183	6.34678120800782
0.9842409090909092	6.352069176100891
0.98494	6.35738
0.985708	6.363242661677126
0.986476	6.369132144074744
0.987244	6.375044334282909
0.988012	6.380975119391675
0.98878	6.386920386491099
0.989548	6.392876022671235
0.990316	6.398837915022138
0.991084	6.404801950633863
0.991852	6.410764016596465
0.9926199999999999	6.41672
0.9933190909090909	6.422133526443464
0.9940181818181818	6.427539722409591
0.9947172727272727	6.432939705385504
0.9954163636363637	6.438334592858327
0.9961154545454546	6.443725502315185
0.9968145454545455	6.4491135512432
0.9975136363636364	6.454499857129499
0.9982127272727274	6.459885537461204
0.9989118181818183	6.46527170972544
0.9996109090909092	6.470659491409331
1.00031	6.47605
1.001078	6.481975946044263
1.001846	6.487905754480797
1.002614	6.493838648075479
1.003382	6.499773849594185
1.00415	6.505710581802791
1.004918	6.511648067467174
1.005685999999999	6.517585529353211
1.006453999999999	6.523522190226775
1.007221999999999	6.529457272853743
1.00799	6.53539
1.008689090909091	6.540787877983038
1.009388181818182	6.546183597059734
1.010087272727273	6.55157759409091
1.010786363636364	6.556970305937385
1.011485454545455	6.562362169459979
1.012184545454546	6.567753621519513
1.012883636363636	6.573145098976807
1.013582727272727	6.578537038692684
1.014281818181818	6.583929877527961
1.014980909090909	6.58932405234346
1.01568	6.59472
1.016448	6.600650208148887
1.017216	6.606582585590546
1.017984	6.612516634827779
1.018752	6.61845185836339
1.01952	6.624387758700184
1.020288000000001	6.630323838340963
1.021056000000001	6.636259599788531
1.021824000000001	6.642194545545691
1.022592000000001	6.648128178115249
1.02336	6.65406
1.024059090909091	6.659457708904234
1.024758181818182	6.664853825216479
1.025457272727273	6.670248668904087
1.026156363636364	6.675642559934406
1.026855454545455	6.681035818274787
1.027554545454546	6.686428763892581
1.028253636363637	6.691821716755139
1.028952727272727	6.69721499682981
1.029651818181818	6.702608924083943
1.030350909090909	6.70800381848489
1.03105	6.7134
1.031818	6.719329818704236
1.032586	6.725261240770293
1.033354	6.73119393004547
1.034122	6.737127550377062
1.034889999999999	6.743061765612368
1.035657999999999	6.748996239598684
1.036425999999999	6.754930636183308
1.037193999999999	6.760864619213535
1.037961999999999	6.766797852536664
1.03873	6.77273
1.039429090909091	6.778128712304283
1.040128181818182	6.783526332556528
1.040827272727273	6.788922946984101
1.041526363636364	6.794318641814364
1.042225454545455	6.799713503274679
1.042924545454545	6.805107617592411
1.043623636363636	6.81050107099492
1.044322727272727	6.815893949709571
1.045021818181818	6.821286339963726
1.045720909090909	6.826678327984749
1.04642	6.83207
1.047119090909091	6.837461455612644
1.047818181818182	6.842852847929033
1.048517272727273	6.848244343431317
1.049216363636364	6.853636108601649
1.049915454545455	6.85902830992218
1.050614545454545	6.86442111387506
1.051313636363636	6.869814686942441
1.052012727272727	6.875209195606473
1.052711818181818	6.880604806349311
1.053410909090909	6.886001685653102
1.05411	6.8914
1.054878	6.897332170120067
1.055646	6.903265856821168
1.056414	6.909200643875411
1.057182	6.9151361150549
1.05795	6.921071854131744
1.058717999999999	6.927007444878047
1.059485999999999	6.932942471065918
1.060253999999999	6.93887651646746
1.061021999999999	6.944809164854783
1.06179	6.95074
1.062489090909091	6.956136871070255
1.063188181818182	6.961532240355778
1.063887272727273	6.966926453410434
1.064586363636364	6.972319855788085
1.065285454545455	6.977712793042594
1.065984545454546	6.983105610727824
1.066683636363637	6.988498654397638
1.067382727272727	6.9938922696059
1.068081818181818	6.999286801906472
1.068780909090909	7.004682596853219
1.06948	7.01008
1.070248	7.016011519483381
1.071016	7.02194484352985
1.071784	7.027879418804635
1.072552	7.033814691972961
1.073319999999999	7.039750109700057
1.074087999999999	7.045685118651147
1.074855999999999	7.051619165491459
1.075623999999999	7.05755169688622
1.076391999999999	7.063482159500655
1.07716	7.06941
1.077859090909091	7.074803404994716
1.078558181818182	7.080194893629371
1.079257272727273	7.085585180721309
1.079956363636364	7.090974981087871
1.080655454545455	7.096365009546398
1.081354545454545	7.101755980914233
1.082053636363636	7.107148610008719
1.082752727272727	7.112543611647197
1.083451818181818	7.117941700647007
1.084150909090909	7.123343591825495
1.08485	7.12875
1.085618	7.134695099118719
1.086386	7.140645814562832
1.087154	7.146601448617091
1.087922	7.152561303566247
1.08869	7.158524681695049
1.089458	7.164490885288247
1.090225999999999	7.17045921663059
1.090993999999999	7.176428978006829
1.091761999999999	7.182399471701713
1.09253	7.18837
1.093229090909091	7.193804381538741
1.093928181818182	7.199238404637013
1.094627272727273	7.204672260308752
1.095326363636364	7.210106139567896
1.096025454545455	7.215540233428383
1.096724545454546	7.220974732904151
1.097423636363636	7.226409829009135
1.098122727272727	7.231845712757276
1.098821818181818	7.237282575162508
1.099520909090909	7.242720607238772
1.10022	7.24816
1.100988	7.254137237739283
1.101756	7.260115944228237
1.102524	7.266095715540797
1.103292	7.272076147750895
1.10406	7.278056836932464
1.104828000000001	7.284037379159436
1.105596000000001	7.290017370505744
1.106364000000001	7.29599640704532
1.107132000000001	7.301974084852096
1.1079	7.30795
1.108599090909091	7.313387955429248
1.109298181818182	7.318824439390285
1.109997272727273	7.324259775646928
1.110696363636364	7.329694287962994
1.111395454545455	7.335128300102301
1.112094545454546	7.340562135828668
1.112793636363637	7.34599611890591
1.113492727272728	7.351430573097848
1.114191818181818	7.356865822168297
1.114890909090909	7.362302189881076
1.11559	7.36774
1.116358	7.373715725523864
1.117126	7.379693199690815
1.117894	7.385672039632706
1.118662	7.391651862481391
1.119429999999999	7.397632285368725
1.120197999999999	7.40361292542656
1.120965999999999	7.40959339978675
1.121733999999999	7.415573325581151
1.122501999999999	7.421552319941613
1.12327	7.42753
1.123969090909091	7.432969934217895
1.124668181818182	7.438408589745873
1.125367272727273	7.443846094169078
1.126066363636364	7.449282575072653
1.126765454545455	7.454718160041739
1.127464545454546	7.46015297666148
1.128163636363636	7.465587152517019
1.128862727272727	7.471020815193497
1.129561818181818	7.476454092276058
1.130260909090909	7.481887111349846
1.13096	7.48732
1.131659090909091	7.492752886069712
1.132358181818182	7.498185898434345
1.133057272727273	7.503619166227307
1.133756363636364	7.509052818582009
1.134455454545455	7.514486984631859
1.135154545454546	7.519921793510267
1.135853636363636	7.525357374350643
1.136552727272727	7.530793856286395
1.137251818181818	7.536231368450932
1.137950909090909	7.541670039977665
1.13865	7.54711
1.139418	7.553087720182579
1.140186	7.559066762200984
1.140954	7.565046737018231
1.141722	7.571027255597338
1.14249	7.577007928901322
1.143258000000001	7.582988367893201
1.144026000000001	7.588968183535991
1.144794000000001	7.594946986792711
1.145562000000001	7.600924388626377
1.14633	7.6069
1.147029090909091	7.61233766826495
1.147728181818182	7.617773871395689
1.148427272727273	7.623208950188987
1.149126363636364	7.628643245441616
1.149825454545455	7.634077097950346
1.150524545454546	7.639510848511947
1.151223636363637	7.644944837923192
1.151922727272727	7.650379406980848
1.152621818181818	7.655814896481688
1.153320909090909	7.661251647222483
1.15402	7.66669
1.154788	7.672666504634618
1.155556	7.678644865753332
1.156324	7.684624595121721
1.157092	7.690605204505363
1.157859999999999	7.696586205669839
1.158627999999999	7.702567110380728
1.159395999999999	7.708547430403607
1.160163999999999	7.714526677504058
1.160931999999999	7.72050436344766
1.1617	7.72648
1.162399090909091	7.731917401872132
1.163098181818182	7.737353083916116
1.163797272727273	7.742787428980162
1.164496363636364	7.748220819912481
1.165195454545455	7.753653639561282
1.165894545454546	7.759086270774777
1.166593636363636	7.764519096401174
1.167292727272727	7.769952499288685
1.167991818181818	7.77538686228552
1.168690909090909	7.780822568239889
1.16939	7.78626
1.170158	7.792235675554929
1.170926	7.798213403383948
1.171694	7.804192690921361
1.172462	7.810173045601476
1.17323	7.816153974858598
1.173998000000001	7.822134986127032
1.174766000000001	7.828115586841084
1.175534000000001	7.83409528443506
1.176302000000001	7.840073586343266
1.17707	7.84605
1.177769090909091	7.851488241408648
1.178468181818182	7.856924863915515
1.179167272727273	7.862360221363652
1.179866363636364	7.867794667596102
1.180565454545455	7.873228556455913
1.181264545454546	7.878662241786133
1.181963636363637	7.884096077429809
1.182662727272727	7.889530417229986
1.183361818181818	7.894965615029713
1.184060909090909	7.900402024672036
1.18476	7.90584
1.185528	7.911816066432303
1.186296	7.917793995451489
1.187064	7.923773333051455
1.187832	7.92975362522609
1.1886	7.93573441796929
1.189368	7.941715257274947
1.190135999999999	7.947695689136953
1.190903999999999	7.953675259549201
1.191671999999999	7.959653514505583
1.19244	7.96563
1.193139090909091	7.971068430745554
1.193838181818182	7.976505330907054
1.194537272727273	7.981941012265846
1.195236363636364	7.987375786603273
1.195935454545455	7.992809965700681
1.196634545454546	7.998243861339414
1.197333636363636	8.003677785300814
1.198032727272727	8.00911204936623
1.198731818181818	8.014546965317004
1.199430909090909	8.019982844934479
1.20013	8.02542
1.200898	8.031394820783991
1.201666	8.037371287985357
1.202434	8.043349132465583
1.203202	8.049328085086152
1.20397	8.055307876708554
1.204738000000001	8.061288238194271
1.205506000000001	8.067268900404789
1.206274000000001	8.073249594201595
1.207042000000001	8.079230050446172
1.20781	8.08521
1.208509090909091	8.090652728778675
1.209208181818182	8.096094611706665
1.209907272727273	8.101535445785315
1.210606363636364	8.106975028015974
1.211305454545455	8.112413155399988
1.212004545454546	8.117849624938705
1.212703636363637	8.123284233633473
1.213402727272727	8.128716778485639
1.214101818181818	8.13414705649655
1.214800909090909	8.139574864667555
1.2155	8.145
