0.300927	1.53
0.3016263636363636	1.529081282075026
0.3023257272727273	1.528404582317993
0.3030250909090909	1.527950475867918
0.3037244545454545	1.527699537863819
0.3044238181818182	1.527632343444716
0.3051231818181818	1.527729467749625
0.3058225454545455	1.527971485917565
0.3065219090909091	1.528338973087555
0.3072212727272727	1.528812504398612
0.3079206363636364	1.529372654989754
0.30862	1.53
0.309388	1.530743213164128
0.310156	1.531518308667419
0.310924	1.53229956286901
0.311692	1.533061252128036
0.31246	1.533777652803636
0.313228	1.534423041254944
0.3139959999999999	1.534971693841098
0.3147639999999999	1.535397886921234
0.3155319999999999	1.535675896854489
0.3163	1.53578
0.316999090909091	1.535701073122007
0.3176981818181819	1.535432577729665
0.3183972727272728	1.534950359059018
0.3190963636363637	1.534230262346108
0.3197954545454547	1.533248132826979
0.3204945454545456	1.531979815737673
0.3211936363636365	1.530401156314234
0.3218927272727274	1.528487999792704
0.3225918181818184	1.526216191409126
0.3232909090909093	1.523561576399543
0.32399	1.5205
0.324758	1.516665587146778
0.325526	1.51243971223865
0.326294	1.507951207950641
0.327062	1.503328906957776
0.32783	1.49870164193508
0.3285979999999999	1.494198245557577
0.3293659999999999	1.489947550500293
0.3301339999999999	1.486078389438253
0.3309019999999999	1.48271959504648
0.33167	1.48
0.3323690909090909	1.478161436838401
0.3330681818181819	1.476892095268254
0.3337672727272728	1.476124805636517
0.3344663636363637	1.475792398290143
0.3351654545454547	1.475827703576089
0.3358645454545456	1.476163551841311
0.3365636363636365	1.476732773432764
0.3372627272727274	1.477468198697404
0.3379618181818184	1.478302657982186
0.3386609090909093	1.479168981634067
0.33936	1.48
0.340128	1.480812359986389
0.340896	1.481532572771456
0.341664	1.482192163556831
0.342432	1.482822657544143
0.3431999999999999	1.483455579935023
0.3439679999999999	1.484122455931102
0.3447359999999999	1.484854810734008
0.3455039999999999	1.485684169545374
0.3462719999999999	1.486642057566827
0.34704	1.48776
0.3477390909090909	1.48893175906546
0.3484381818181819	1.490216305493804
0.3491372727272728	1.491567683802131
0.3498363636363637	1.49293993850754
0.3505354545454546	1.49428711412713
0.3512345454545456	1.495563255177999
0.3519336363636365	1.496722406177247
0.3526327272727274	1.497718611641972
0.3533318181818184	1.498505916089273
0.3540309090909093	1.49903836403625
0.35473	1.49927
0.355498	1.499142120121911
0.356266	1.498649507083183
0.357034	1.497845925808897
0.357802	1.496785141224133
0.3585699999999999	1.495520918253971
0.3593379999999999	1.494107021823491
0.3601059999999999	1.492597216857774
0.3608739999999999	1.4910452682819
0.3616419999999999	1.489504941020949
0.36241	1.48803
0.3631090909090909	1.486780596399256
0.3638081818181819	1.485616482187176
0.3645072727272728	1.484524218110621
0.3652063636363637	1.483490364916447
0.3659054545454546	1.482501483351514
0.3666045454545456	1.481544134162678
0.3673036363636365	1.480604878096798
0.3680027272727274	1.479670275900732
0.3687018181818184	1.478726888321338
0.3694009090909093	1.477761276105475
0.3701	1.47676
0.370868	1.475608775242201
0.371636	1.474415617164251
0.372404	1.473197852824356
0.3731719999999999	1.471972809280722
0.3739399999999999	1.470757813591557
0.3747079999999999	1.469570192815068
0.3754759999999999	1.468427274009461
0.3762439999999999	1.467346384232943
0.3770119999999999	1.46634485054372
0.37778	1.46544
0.3784790909090909	1.464712738119197
0.3791781818181819	1.464079372781965
0.3798772727272728	1.463539331690077
0.3805763636363637	1.463092042545304
0.3812754545454546	1.462736933049419
0.3819745454545456	1.462473430904194
0.3826736363636365	1.462300963811402
0.3833727272727274	1.462218959472814
0.3840718181818183	1.462226845590203
0.3847709090909093	1.462324049865341
0.38547	1.46251
0.3861690909090909	1.462781938120508
0.3868681818181818	1.463128364051416
0.3875672727272728	1.463535592041828
0.3882663636363637	1.463989936340851
0.3889654545454546	1.464477711197591
0.3896645454545455	1.464985230861153
0.3903636363636365	1.465498809580643
0.3910627272727274	1.466004761605167
0.3917618181818183	1.466489401183831
0.3924609090909092	1.46693904256574
0.39316	1.46734
0.393928	1.467711247399571
0.394696	1.468008161364818
0.395464	1.468231679650313
0.396232	1.468382740010632
0.397	1.468462280200348
0.397768	1.468471237974037
0.3985359999999999	1.468410551086272
0.3993039999999999	1.468281157291628
0.4000719999999999	1.468083994344679
0.40084	1.46782
0.4015390909090909	1.46752334797772
0.4022381818181818	1.467178624412194
0.4029372727272728	1.466792357225381
0.4036363636363637	1.466371074339245
0.4043354545454546	1.465921303675747
0.4050345454545455	1.465449573156848
0.4057336363636365	1.46496241070451
0.4064327272727274	1.464466344240694
0.4071318181818183	1.463967901687363
0.4078309090909092	1.463473610966478
0.40853	1.46299
0.409298	1.46247685185698
0.410066	1.461981422150763
0.410834	1.461500662146134
0.411602	1.461031523107875
0.41237	1.460570956300772
0.4131379999999999	1.460115912989607
0.4139059999999999	1.459663344439164
0.4146739999999999	1.459210201914226
0.4154419999999999	1.458753436679577
0.41621	1.45829
0.416909090909091	1.45786069117123
0.4176081818181819	1.457426534451507
0.4183072727272728	1.456990736090036
0.4190063636363637	1.456556502336021
0.4197054545454547	1.45612703943867
0.4204045454545456	1.455705553647188
0.4211036363636365	1.45529525121078
0.4218027272727274	1.454899338378651
0.4225018181818184	1.454521021400008
0.4232009090909093	1.454163506524055
0.4239	1.45383
0.424668	1.453488691421436
0.425436	1.453145954815044
0.426204	1.452767518072807
0.426972	1.452319109086707
0.42774	1.451766455748727
0.4285079999999999	1.451075285950848
0.4292759999999999	1.450211327585054
0.4300439999999999	1.449140308543327
0.4308119999999999	1.447827956717648
0.43158	1.44624
0.4322790909090909	1.44453517923616
0.4329781818181819	1.442602844657177
0.4336772727272728	1.44047224649478
0.4343763636363637	1.438172634980696
0.4350754545454547	1.435733260346653
0.4357745454545456	1.433183372824378
0.4364736363636365	1.4305522226456
0.4371727272727274	1.427869060042045
0.4378718181818184	1.425163135245441
0.4385709090909093	1.422463698487517
0.43927	1.4198
0.440038	1.416941906954201
0.440806	1.414153891090844
0.441574	1.411427597886997
0.442342	1.408754672819728
0.4431099999999999	1.406126761366102
0.4438779999999999	1.403535509003189
0.4446459999999999	1.400972561208055
0.4454139999999999	1.398429563457767
0.4461819999999999	1.395898161229393
0.44695	1.39337
0.4476490909090909	1.391064961547104
0.4483481818181819	1.388752451763284
0.4490472727272728	1.386429236382981
0.4497463636363637	1.384092081140636
0.4504454545454546	1.381737751770688
0.4511445454545456	1.379363014007578
0.4518436363636365	1.376964633585746
0.4525427272727274	1.374539376239631
0.4532418181818184	1.372084007703675
0.4539409090909093	1.369595293712318
0.45464	1.36707
0.455408	1.36425469463866
0.456176	1.361416583750542
0.456944	1.358580911521632
0.457712	1.355772922137917
0.4584799999999999	1.353017859785385
0.4592479999999999	1.350340968650022
0.4600159999999999	1.347767492917815
0.4607839999999999	1.345322676774751
0.4615519999999999	1.343031764406817
0.46232	1.34092
0.4630190909090909	1.339159387694052
0.4637181818181819	1.337494916394838
0.4644172727272728	1.335853367799298
0.4651163636363637	1.334161523604371
0.4658154545454546	1.332346165506998
0.4665145454545456	1.330334075204118
0.4672136363636365	1.32805203439267
0.4679127272727274	1.325426824769594
0.4686118181818184	1.322385228031831
0.4693109090909093	1.318854025876319
0.47001	1.31476
0.4707090909090909	1.31005183374135
0.4714081818181818	1.304765817005003
0.4721072727272728	1.298960141337132
0.4728063636363637	1.29269299828391
0.4735054545454546	1.286022579391509
0.4742045454545455	1.279007076206101
0.4749036363636365	1.271704680273859
0.4756027272727274	1.264173583140955
0.4763018181818183	1.256471976353562
0.4770009090909093	1.248658051457852
0.4777	1.24079
0.478468	1.232142074210836
0.479236	1.223508923933778
0.480004	1.214900418834215
0.480772	1.206326428577539
0.48154	1.197796822829141
0.482308	1.189321471254411
0.4830759999999999	1.180910243518742
0.4838439999999999	1.172573009287523
0.4846119999999999	1.164319638226145
0.48538	1.15616
0.4860790909090909	1.148814588180051
0.4867781818181818	1.141516148898074
0.4874772727272728	1.134225809671832
0.4881763636363637	1.12690469801909
0.4888754545454546	1.119513941457609
0.4895745454545455	1.112014667505155
0.4902736363636365	1.104368003679491
0.4909727272727274	1.096535077498379
0.4916718181818183	1.088477016479584
0.4923709090909092	1.080154948140869
0.49307	1.07153
0.493838	1.06167270905216
0.494606	1.051430808715906
0.495374	1.040832135090882
0.496142	1.029904524276727
0.49691	1.018675812373084
0.497678	1.007173835479594
0.4984459999999999	0.9954264296958996
0.4992139999999999	0.9834614311216415
0.4999819999999999	0.9713066758564618
0.50075	0.95899
0.501449090909091	0.9476588785125102
0.5021481818181819	0.9362240772126188
0.5028472727272728	0.9246930186824137
0.5035463636363637	0.9130731255039823
0.5042454545454547	0.9013718202594126
0.5049445454545456	0.8895965255307922
0.5056436363636365	0.8777546639002085
0.5063427272727274	0.8658536579497494
0.5070418181818184	0.8539009302615026
0.5077409090909093	0.8419039034175555
0.50844	0.82987
0.509208	0.8166196523829373
0.509976	0.8033640191427046
0.510744	0.7901333613560794
0.511512	0.7769579400998388
0.51228	0.7638680164507601
0.5130479999999999	0.7508938514856207
0.5138159999999999	0.7380657062811979
0.5145839999999999	0.7254138419142689
0.5153519999999999	0.7129685194616111
0.51612	0.70076
0.516819090909091	0.6898797879962745
0.5175181818181819	0.6792525989894016
0.5182172727272728	0.6689101667200729
0.5189163636363637	0.6588842249289795
0.5196154545454547	0.6492065073568131
0.5203145454545456	0.639908747744265
0.5210136363636365	0.6310226798320265
0.5217127272727274	0.6225800373607892
0.5224118181818184	0.6146125540712444
0.5231109090909093	0.6071519637040834
0.52381	0.60023
0.524578	0.5932631531594282
0.525346	0.5868992126946171
0.526114	0.5810527426180372
0.526882	0.5756383069421596
0.52765	0.5705704696794548
0.5284179999999999	0.5657637948423937
0.5291859999999999	0.561132846443447
0.5299539999999999	0.5565921884950854
0.5307219999999999	0.5520563850097797
0.53149	0.54744
0.5321890909090909	0.5431082712692666
0.5328881818181819	0.5386499574064275
0.5335872727272728	0.5340760353709001
0.5342863636363637	0.529397482122102
0.5349854545454547	0.5246252746194504
0.5356845454545456	0.519770389822363
0.5363836363636365	0.5148438046902573
0.5370827272727274	0.5098564961825504
0.5377818181818184	0.50481944125866
0.5384809090909093	0.4997436168780035
0.53918	0.49464
0.539948	0.4890163324341923
0.540716	0.4833987945988608
0.541484	0.4778138101422275
0.542252	0.4722878027125146
0.5430199999999999	0.4668471959579441
0.5437879999999999	0.4615184135267381
0.5445559999999999	0.4563278790671187
0.5453239999999999	0.4513020162273079
0.5460919999999999	0.4464672486555279
0.54686	0.44185
0.5475590909090909	0.4378521568692195
0.5482581818181819	0.4340386676171816
0.5489572727272728	0.4303917553415091
0.5496563636363637	0.4268936431398246
0.5503554545454546	0.4235265541097507
0.5510545454545456	0.4202727113489101
0.5517536363636365	0.4171143379549254
0.5524527272727274	0.4140336570254193
0.5531518181818184	0.4110128916580145
0.5538509090909093	0.4080342649503335
0.55455	0.40508
0.5552490909090909	0.4021351998689839
0.5559481818181818	0.3991964874766546
0.5566472727272728	0.3962633657067298
0.5573463636363637	0.3933353374429268
0.5580454545454546	0.3904119055689635
0.5587445454545455	0.3874925729685573
0.5594436363636365	0.3845768425254258
0.5601427272727274	0.3816642171232866
0.5608418181818183	0.3787541996458574
0.5615409090909093	0.3758462929768557
0.56224	0.37294
0.563008	0.3697483263114745
0.5637759999999999	0.3665562795460912
0.5645439999999999	0.3633621390817156
0.5653119999999999	0.360164184296213
0.5660799999999999	0.3569606945674491
0.5668479999999999	0.3537499492732893
0.5676159999999999	0.350530227791599
0.5683839999999999	0.3472998095002439
0.5691519999999999	0.3440569737770892
0.56992	0.3408
0.5706190909090909	0.3378227418650976
0.5713181818181818	0.3348384003549623
0.5720172727272728	0.3318530325915439
0.5727163636363637	0.3288726956967924
0.5734154545454546	0.3259034467926578
0.5741145454545455	0.32295134300109
0.5748136363636365	0.3200224414440387
0.5755127272727274	0.3171227992434542
0.5762118181818183	0.3142584735212861
0.5769109090909093	0.3114355213994844
0.57761	0.30866
0.5783779999999999	0.3056723444361823
0.5791459999999999	0.3027546452661112
0.5799139999999999	0.2999123068057833
0.5806819999999999	0.2971507333711949
0.5814499999999999	0.2944753292783426
0.5822179999999999	0.291891498843223
0.5829859999999999	0.2894046463818324
0.5837539999999999	0.2870201762101675
0.5845219999999999	0.2847434926442245
0.58529	0.28258
0.5859890909090909	0.2807110052851494
0.5866881818181818	0.278928797670018
0.5873872727272728	0.2772218962538711
0.5880863636363637	0.2755788201359742
0.5887854545454546	0.273988088415593
0.5894845454545455	0.2724382201919928
0.5901836363636365	0.2709177345644391
0.5908827272727274	0.2694151506321975
0.5915818181818183	0.2679189874945333
0.5922809090909092	0.2664177642507122
0.59298	0.2649
0.5937479999999999	0.2632032387889517
0.5945159999999999	0.2614775042824367
0.5952839999999999	0.2597276415671756
0.5960519999999999	0.2579584957298892
0.5968199999999999	0.2561749118572983
0.5975879999999999	0.2543817350361235
0.5983559999999999	0.2525838103530856
0.5991239999999999	0.2507859828949052
0.5998919999999999	0.2489930977483032
0.60066	0.24721
0.6013590909090909	0.2455984016250855
0.6020581818181818	0.2439960674345723
0.6027572727272728	0.2424001371374422
0.6034563636363637	0.2408077504426769
0.6041554545454546	0.2392160470592582
0.6048545454545455	0.2376221666961676
0.6055536363636365	0.2360232490623871
0.6062527272727274	0.2344164338668983
0.6069518181818183	0.232798860818683
0.6076509090909092	0.2311676696267227
0.6083499999999999	0.22952
0.6091179999999999	0.227689830739005
0.6098859999999999	0.2258463948587664
0.6106539999999999	0.2239997647799168
0.6114219999999999	0.2221600129230887
0.6121899999999999	0.2203372117089149
0.6129579999999999	0.2185414335580278
0.6137259999999999	0.2167827508910602
0.6144939999999999	0.2150712361286447
0.6152619999999999	0.2134169616914138
0.61603	0.21183
0.6167290909090909	0.2104500557500375
0.6174281818181818	0.2091274724449211
0.6181272727272727	0.2078554896893965
0.6188263636363637	0.2066273470882096
0.6195254545454546	0.205436284246106
0.6202245454545455	0.2042755407678316
0.6209236363636365	0.2031383562581322
0.6216227272727274	0.2020179703217535
0.6223218181818183	0.2009076225634414
0.6230209090909092	0.1998005525879415
0.6237200000000001	0.19869
0.624488	0.1974596634422333
0.625256	0.1962184780750477
0.626024	0.1949679569151224
0.626792	0.1937096129791368
0.62756	0.1924449592837702
0.628328	0.1911755088457021
0.629096	0.1899027746816116
0.629864	0.1886282698081782
0.630632	0.1873535072420812
0.6314	0.18608
0.6320990909090909	0.1849229221649691
0.6327981818181818	0.1837680549704144
0.6334972727272727	0.1826153152100278
0.6341963636363637	0.181464619677501
0.6348954545454546	0.1803158851665258
0.6355945454545455	0.1791690284707941
0.6362936363636365	0.1780239663839975
0.6369927272727274	0.176880615699828
0.6376918181818183	0.1757388932119774
0.6383909090909092	0.1745987157141374
0.63909	0.17346
0.639789090909091	0.172322545051187
0.6404881818181819	0.1711856786010422
0.6411872727272728	0.1700486105708394
0.6418863636363638	0.1689105508818526
0.6425854545454547	0.1677707094553556
0.6432845454545456	0.1666282962126224
0.6439836363636365	0.1654825210749269
0.6446827272727275	0.1643325939635429
0.6453818181818184	0.1631777247997445
0.6460809090909093	0.1620171235048054
0.64678	0.16085
0.647548	0.1595602409523237
0.648316	0.1582658067879277
0.649084	0.1569708472628884
0.649852	0.1556795121332819
0.65062	0.1543959511551844
0.651388	0.1531243140846722
0.652156	0.1518687506778214
0.6529239999999999	0.1506334106907083
0.6536919999999999	0.1494224438794092
0.65446	0.14824
0.655159090909091	0.1471923416955872
0.6558581818181819	0.1461772343819024
0.6565572727272728	0.1452001564641487
0.6572563636363637	0.144266586347529
0.6579554545454547	0.1433820024372464
0.6586545454545456	0.142551883138504
0.6593536363636365	0.1417817068565047
0.6600527272727275	0.1410769519964517
0.6607518181818184	0.1404430969635478
0.6614509090909093	0.1398856201629962
0.66215	0.13941
0.662918	0.1389849425684896
0.663686	0.1386519376421181
0.664454	0.1383976369840842
0.665222	0.1382086923575869
0.66599	0.1380717555258247
0.666758	0.1379734782519966
0.667526	0.1379005122993013
0.6682939999999999	0.1378395094309376
0.6690619999999999	0.1377771214101042
0.66983	0.1377
0.670529090909091	0.1376078501977935
0.6712281818181819	0.1374950838343027
0.6719272727272728	0.1373643527804057
0.6726263636363637	0.1372183089069808
0.6733254545454547	0.1370596040849063
0.6740245454545456	0.1368908901850605
0.6747236363636365	0.1367148190783215
0.6754227272727275	0.1365340426355677
0.6761218181818184	0.1363512127276774
0.6768209090909093	0.1361689812255287
0.67752	0.13599
0.678288	0.1357995671232839
0.679056	0.1356154923870872
0.679824	0.1354370108951082
0.680592	0.1352633577510451
0.68136	0.135093768058596
0.682128	0.1349274769214593
0.6828959999999999	0.1347637194433332
0.6836639999999999	0.1346017307279157
0.6844319999999999	0.1344407458789053
0.6852	0.13428
0.685899090909091	0.1341332812497283
0.6865981818181819	0.1339857988729075
0.6872972727272728	0.1338372250253752
0.6879963636363637	0.1336872318629688
0.6886954545454547	0.1335354915415259
0.6893945454545456	0.1333816762168838
0.6900936363636365	0.1332254580448803
0.6907927272727274	0.1330665091813526
0.6914918181818184	0.1329045017821383
0.6921909090909093	0.1327391080030749
0.69289	0.13257
0.693658	0.1323800370591785
0.694426	0.1321876756125168
0.695194	0.1319953953447735
0.695962	0.131805675940707
0.69673	0.1316209970850759
0.697498	0.1314438384626388
0.6982659999999999	0.1312766797581541
0.6990339999999999	0.1311220006563804
0.6998019999999999	0.1309822808420762
0.70057	0.13086
0.701269090909091	0.1307656404055315
0.7019681818181819	0.1306878317839227
0.7026672727272728	0.1306266205111241
0.7033663636363637	0.1305820529630867
0.7040654545454547	0.1305541755157612
0.7047645454545456	0.1305430345450983
0.7054636363636365	0.1305486764270488
0.7061627272727274	0.1305711475375634
0.7068618181818184	0.130610494252593
0.7075609090909093	0.1306667629480883
0.70826	0.13074
0.709028	0.1308396259471709
0.709796	0.1309571783095926
0.710564	0.1310900491859484
0.711332	0.1312356306749217
0.7121	0.1313913148751959
0.7128679999999999	0.1315544938854545
0.7136359999999999	0.1317225598043807
0.7144039999999999	0.1318929047306581
0.7151719999999999	0.1320629207629701
0.71594	0.13223
0.7166390909090909	0.132377751827752
0.7173381818181819	0.1325214430401619
0.7180372727272728	0.1326616073568573
0.7187363636363637	0.1327987784974655
0.7194354545454547	0.1329334901816143
0.7201345454545456	0.1330662761289311
0.7208336363636365	0.1331976700590436
0.7215327272727274	0.1333282056915791
0.7222318181818184	0.1334584167461653
0.7229309090909093	0.1335888369424298
0.72363	0.13372
0.7243290909090909	0.1338523235856914
0.7250281818181818	0.133985761155071
0.7257272727272728	0.1341201501108935
0.7264263636363637	0.1342553278559139
0.7271254545454546	0.1343911317928868
0.7278245454545456	0.1345273993245672
0.7285236363636365	0.1346639678537099
0.7292227272727274	0.1348006747830697
0.7299218181818183	0.1349373575154015
0.7306209090909093	0.13507385345346
0.73132	0.13521
0.732088	0.1353590337930248
0.732856	0.1355076161588954
0.7336239999999999	0.1356559135667094
0.7343919999999999	0.135804092485564
0.7351599999999999	0.1359523193845567
0.7359279999999999	0.1361007607327848
0.7366959999999999	0.1362495829993458
0.7374639999999999	0.1363989526533371
0.7382319999999999	0.136549036163856
0.739	0.1367
0.7396990909090909	0.1368382515425247
0.7403981818181818	0.1369770592202321
0.7410972727272728	0.1371161117943172
0.7417963636363637	0.1372550980259752
0.7424954545454546	0.1373937066764009
0.7431945454545456	0.1375316265067894
0.7438936363636365	0.1376685462783358
0.7445927272727274	0.137804154752235
0.7452918181818183	0.1379381406896821
0.7459909090909093	0.1380701928518721
0.74669	0.1382
0.747458	0.1383399442458029
0.7482259999999999	0.1384781936693282
0.7489939999999999	0.1386161384751132
0.7497619999999999	0.1387551688676949
0.7505299999999999	0.1388966750516107
0.7512979999999999	0.1390420472313975
0.7520659999999999	0.1391926756115927
0.7528339999999999	0.1393499503967334
0.7536019999999999	0.1395152617913568
0.75437	0.13969
0.7550690909090909	0.1398581230209773
0.7557681818181818	0.1400344257625269
0.7564672727272728	0.1402181249648778
0.7571663636363637	0.1404084373682589
0.7578654545454546	0.1406045797128991
0.7585645454545455	0.1408057687390273
0.7592636363636365	0.1410112211868723
0.7599627272727274	0.1412201537966633
0.7606618181818183	0.1414317833086289
0.7613609090909093	0.1416453264629982
0.76206	0.14186
0.762828	0.142096364733812
0.7635959999999999	0.1423330726427842
0.7643639999999999	0.1425700479750807
0.7651319999999999	0.1428072149788652
0.7658999999999999	0.1430444979023017
0.7666679999999999	0.143281820993554
0.7674359999999999	0.1435191085007861
0.7682039999999999	0.1437562846721619
0.7689719999999999	0.1439932737558452
0.76974	0.14423
0.7704390909090909	0.1444452091597668
0.7711381818181818	0.1446601747166979
0.7718372727272728	0.1448749336247238
0.7725363636363637	0.1450895228377749
0.7732354545454546	0.1453039793097818
0.7739345454545455	0.1455183399946749
0.7746336363636365	0.1457326418463847
0.7753327272727274	0.1459469218188416
0.7760318181818183	0.1461612168659761
0.7767309090909092	0.1463755639417188
0.77743	0.14659
0.7781979999999999	0.1468257073782417
0.7789659999999999	0.1470615430271866
0.7797339999999999	0.1472974832304673
0.7805019999999999	0.1475335042717169
0.7812699999999999	0.1477695824345682
0.7820379999999999	0.148005694002654
0.7828059999999999	0.1482418152596073
0.7835739999999999	0.1484779224890607
0.7843419999999999	0.1487139919746474
0.78511	0.14895
0.7858090909090909	0.1491647627878494
0.7865081818181818	0.1493794617760422
0.7872072727272728	0.1495941037422436
0.7879063636363637	0.1498086954641188
0.7886054545454546	0.1500232437193333
0.7893045454545455	0.1502377552855522
0.7900036363636365	0.150452236940441
0.7907027272727274	0.1506666954616648
0.7914018181818183	0.1508811376268891
0.7921009090909092	0.1510955702137791
0.7927999999999999	0.15131
0.7934990909090909	0.1515244334016722
0.7941981818181818	0.1517388753887352
0.7948972727272727	0.1519533305695838
0.7955963636363637	0.1521678035526124
0.7962954545454546	0.1523822989462156
0.7969945454545455	0.1525968213587882
0.7976936363636364	0.1528113753987245
0.7983927272727274	0.1530259656744193
0.7990918181818183	0.1532405967942671
0.7997909090909092	0.1534552733666625
0.80049	0.15367
0.801258	0.1539059618074801
0.802026	0.1541420345196958
0.802794	0.1543782630634144
0.803562	0.1546146923654036
0.80433	0.1548513673524309
0.805098	0.1550883329512636
0.805866	0.1553256340886694
0.806634	0.1555633156914157
0.807402	0.1558014226862701
0.8081700000000001	0.15604
0.808869090909091	0.1562575690462419
0.8095681818181819	0.1564753071122598
0.8102672727272728	0.1566929562853486
0.8109663636363638	0.1569102586528033
0.8116654545454547	0.1571269563019186
0.8123645454545456	0.1573427913199895
0.8130636363636365	0.157557505794311
0.8137627272727275	0.1577708418121779
0.8144618181818184	0.1579825414608851
0.8151609090909093	0.1581923468277275
0.81586	0.1584
0.816628	0.1586252175025508
0.817396	0.1588464882593024
0.818164	0.1590627741747171
0.818932	0.1592730371532567
0.8197	0.1594762390993836
0.820468	0.1596713419175598
0.821236	0.1598573075122474
0.822004	0.1600330977879086
0.8227719999999999	0.1601976746490054
0.82354	0.16035
0.824239090909091	0.1604774756234794
0.8249381818181819	0.1605952277324049
0.8256372727272728	0.1607045445779414
0.8263363636363638	0.1608067144112535
0.8270354545454547	0.160903025483506
0.8277345454545456	0.1609947660458639
0.8284336363636365	0.1610832243494918
0.8291327272727275	0.1611696886455546
0.8298318181818184	0.161255447185217
0.8305309090909093	0.1613417882196439
0.83123	0.16143
0.831998	0.161530227636825
0.832766	0.1616337596242136
0.833534	0.1617400878609689
0.834302	0.1618487042458943
0.83507	0.161959100677793
0.835838	0.1620707690554682
0.836606	0.1621832012777233
0.837374	0.1622958892433614
0.8381419999999999	0.1624083248511859
0.83891	0.16252
0.839609090909091	0.162620652414288
0.8403081818181819	0.1627203929521383
0.8410072727272728	0.1628193608659565
0.8417063636363638	0.1629176954081481
0.8424054545454547	0.1630155358311184
0.8431045454545456	0.1631130213872729
0.8438036363636365	0.1632102913290171
0.8445027272727275	0.1633074849087565
0.8452018181818184	0.1634047413788965
0.8459009090909093	0.1635021999918425
0.8466	0.1636
0.847368	0.1637079528751297
0.848136	0.1638163910829391
0.848904	0.1639252198840793
0.849672	0.1640343445392011
0.85044	0.1641436703089555
0.851208	0.1642531024539935
0.851976	0.164362546234966
0.8527439999999999	0.164471906912524
0.8535119999999999	0.1645810897473183
0.85428	0.16469
0.854979090909091	0.164788840442417
0.8556781818181819	0.1648874196817313
0.8563772727272728	0.1649857808773613
0.8570763636363637	0.1650839671887258
0.8577754545454547	0.1651820217752433
0.8584745454545456	0.1652799877963322
0.8591736363636365	0.1653779084114113
0.8598727272727275	0.1654758267798991
0.8605718181818184	0.1655737860612141
0.8612709090909093	0.1656718294147748
0.86197	0.16577
0.862738	0.1658780261163619
0.863506	0.1659862002043487
0.864274	0.1660944645982376
0.865042	0.1662027616323058
0.86581	0.1663110336408304
0.866578	0.1664192229580886
0.867346	0.1665272719183575
0.8681139999999999	0.1666351228559142
0.8688819999999999	0.166742718105036
0.86965	0.16685
0.870349090909091	0.1669473693125004
0.8710481818181819	0.1670445941345572
0.8717472727272728	0.1671418374027576
0.8724463636363637	0.1672392620536889
0.8731454545454547	0.1673370310239383
0.8738445454545456	0.1674353072500931
0.8745436363636365	0.1675342536687404
0.8752427272727274	0.1676340332164675
0.8759418181818184	0.1677348088298617
0.8766409090909093	0.1678367434455101
0.87734	0.16794
0.8780390909090909	0.1680445989280953
0.8787381818181819	0.1681499906572665
0.8794372727272728	0.1682554831131608
0.8801363636363637	0.1683603842214252
0.8808354545454546	0.1684640019077069
0.8815345454545456	0.168565644097653
0.8822336363636365	0.1686646187169107
0.8829327272727274	0.1687602336911271
0.8836318181818184	0.1688517969459494
0.8843309090909093	0.1689386164070246
0.88503	0.16902
0.885798	0.1691033666134978
0.886566	0.1691847263738522
0.887334	0.1692694679665337
0.8881019999999999	0.1693629800770131
0.8888699999999999	0.169470651390761
0.8896379999999999	0.1695978705932479
0.8904059999999999	0.1697500263699447
0.8911739999999999	0.1699325074063218
0.8919419999999999	0.17015070238785
0.89271	0.17041
0.8934090909090909	0.170684898941189
0.8941081818181819	0.1709938995051845
0.8948072727272728	0.1713325806155777
0.8955063636363637	0.1716965211959601
0.8962054545454546	0.1720813001699228
0.8969045454545456	0.1724824964610572
0.8976036363636365	0.1728956889929546
0.8983027272727274	0.1733164566892063
0.8990018181818183	0.1737403784734036
0.8997009090909093	0.1741630332691378
0.9004	0.17458
0.901168	0.1750274802844138
0.901936	0.1754643009622099
0.902704	0.175892002695502
0.9034719999999999	0.176312126146404
0.9042399999999999	0.1767262119770297
0.9050079999999999	0.1771358008494931
0.9057759999999999	0.1775424334259079
0.9065439999999999	0.1779476503683881
0.9073119999999999	0.1783529923390475
0.90808	0.17876
0.9087790909090909	0.1791329904427068
0.9094781818181819	0.1795083239507075
0.9101772727272728	0.179885686806057
0.9108763636363637	0.1802647652908101
0.9115754545454546	0.1806452456870219
0.9122745454545456	0.1810268142767473
0.9129736363636365	0.1814091573420411
0.9136727272727274	0.1817919611649584
0.9143718181818183	0.182174912027554
0.9150709090909093	0.182557696211883
0.91577	0.18294
0.916538	0.183359151196932
0.917306	0.183777475014131
0.9180739999999999	0.184195102452586
0.9188419999999999	0.1846121645132857
0.9196099999999999	0.185028792197219
0.9203779999999999	0.1854451165053749
0.9211459999999999	0.185861268438742
0.9219139999999999	0.1862773789983093
0.9226819999999999	0.1866935791850657
0.92345	0.18711
0.9241490909090909	0.1874893365334892
0.9248481818181818	0.1878689247602195
0.9255472727272728	0.1882487250135447
0.9262463636363637	0.1886286976268184
0.9269454545454546	0.1890088029333942
0.9276445454545456	0.1893890012666259
0.9283436363636365	0.189769252959867
0.9290427272727274	0.1901495183464714
0.9297418181818183	0.1905297577597926
0.9304409090909093	0.1909099315331842
0.93114	0.19129
0.931908	0.1917073759580787
0.9326759999999999	0.1921246018859663
0.9334439999999999	0.1925417027151446
0.9342119999999999	0.1929587033770954
0.9349799999999999	0.1933756288033004
0.9357479999999999	0.1937925039252414
0.9365159999999999	0.1942093536744001
0.9372839999999999	0.1946262029822582
0.9380519999999999	0.1950430767802976
0.93882	0.19546
0.9395190909090909	0.1958395764513969
0.9402181818181818	0.1962192202869795
0.9409172727272728	0.1965989372819259
0.9416163636363637	0.1969787332114147
0.9423154545454546	0.197358613850624
0.9430145454545455	0.1977385849747323
0.9437136363636365	0.198118652358918
0.9444127272727274	0.1984988217783592
0.9451118181818183	0.1988790990082344
0.9458109090909093	0.1992594898237219
0.94651	0.19964
0.947278	0.2000581516925968
0.9480459999999999	0.2004764040251449
0.9488139999999999	0.2008947066166127
0.9495819999999999	0.2013130090859688
0.9503499999999999	0.2017312610521818
0.9511179999999999	0.2021494121342202
0.9518859999999999	0.2025674119510527
0.9526539999999999	0.2029852101216478
0.9534219999999999	0.203402756264974
0.95419	0.20382
0.9548890909090909	0.2041995159362522
0.9555881818181818	0.2045787913802464
0.9562872727272728	0.2049578781609244
0.9569863636363637	0.2053368281072281
0.9576854545454546	0.2057156930480996
0.9583845454545455	0.2060945248124808
0.9590836363636365	0.2064733752293136
0.9597827272727274	0.20685229612754
0.9604818181818183	0.2072313393361019
0.9611809090909093	0.2076105566839413
0.96188	0.20799
0.9625790909090909	0.2083697033720808
0.9632781818181818	0.2087496299234285
0.9639772727272727	0.2091297250361489
0.9646763636363637	0.2095099340923475
0.9653754545454546	0.20989020247413
0.9660745454545455	0.2102704755636019
0.9667736363636364	0.2106506987428689
0.9674727272727274	0.2110308173940366
0.9681718181818183	0.2114107768992106
0.9688709090909092	0.2117905226404965
0.96957	0.21217
0.970338	0.2125865422966085
0.971106	0.2130028288318652
0.971874	0.2134189936582264
0.972642	0.2138351708281483
0.97341	0.214251494394087
0.974178	0.2146680984084988
0.974946	0.2150851169238398
0.975714	0.2155026839925662
0.976482	0.2159209336671342
0.97725	0.21634
0.9779490909090909	0.2167221752881038
0.9786481818181818	0.2171045599036464
0.9793472727272727	0.2174865754152444
0.9800463636363637	0.2178676433915143
0.9807454545454546	0.2182471854010725
0.9814445454545455	0.2186246230125356
0.9821436363636364	0.2189993777945199
0.9828427272727274	0.2193708713156421
0.9835418181818183	0.2197385251445185
0.9842409090909092	0.2201017608497656
0.98494	0.22046
0.985708	0.2208473706490174
0.986476	0.2212288559005602
0.987244	0.2216052985579299
0.988012	0.2219775414244281
0.98878	0.2223464273033562
0.989548	0.2227127989980158
0.990316	0.2230774993117084
0.991084	0.2234413710477357
0.991852	0.223805257009399
0.9926199999999999	0.22417
0.9933190909090909	0.2245033404040007
0.9940181818181818	0.2248379337847647
0.9947172727272727	0.2251736246382558
0.9954163636363637	0.2255102574604375
0.9961154545454546	0.2258476767472737
0.9968145454545455	0.226185726994728
0.9975136363636364	0.2265242526987641
0.9982127272727274	0.2268630983553456
0.9989118181818183	0.2272021084604363
0.9996109090909092	0.2275411275099999
1.00031	0.22788
1.001078	0.2282519621372422
1.001846	0.2286236008380479
1.002614	0.2289949572129773
1.003382	0.2293660723725906
1.00415	0.229736987427448
1.004918	0.2301077434881095
1.005685999999999	0.2304783816651353
1.006453999999999	0.2308489430690854
1.007221999999999	0.2312194688105202
1.00799	0.23159
1.008689090909091	0.2319273174012343
1.009388181818182	0.2322646615026115
1.010087272727273	0.2326020204258198
1.010786363636364	0.2329393822925477
1.011485454545455	0.2332767352244831
1.012184545454546	0.2336140673433145
1.012883636363636	0.2339513667707302
1.013582727272727	0.2342886216284183
1.014281818181818	0.2346258200380671
1.014980909090909	0.234962950121365
1.01568	0.2353
1.016448	0.2356701720833967
1.017216	0.2360402529150911
1.017984	0.2364102623741885
1.018752	0.2367802203397943
1.01952	0.2371501466910137
1.020288000000001	0.237520061306952
1.021056000000001	0.2378899840667145
1.021824000000001	0.2382599348494066
1.022592000000001	0.2386299335341334
1.02336	0.239
1.024059090909091	0.2393369350983209
1.024758181818182	0.2396739415545413
1.025457272727273	0.2400110180912917
1.026156363636364	0.2403481634312021
1.026855454545455	0.2406853762969029
1.027554545454546	0.2410226554110244
1.028253636363637	0.2413599994961967
1.028952727272727	0.2416974072750502
1.029651818181818	0.2420348774702151
1.030350909090909	0.2423724088043216
1.03105	0.24271
1.031818	0.2430809326461641
1.032586	0.2434519207944831
1.033354	0.2438229492444685
1.034122	0.244194002795632
1.034889999999999	0.2445650662474851
1.035657999999999	0.2449361243995393
1.036425999999999	0.2453071620513063
1.037193999999999	0.2456781640022976
1.037961999999999	0.2460491150520248
1.03873	0.24642
1.039429090909091	0.2467575393594616
1.040128181818182	0.2470950148620431
1.040827272727273	0.2474324300178919
1.041526363636364	0.2477697883371555
1.042225454545455	0.2481070933299813
1.042924545454545	0.2484443485065168
1.043623636363636	0.2487815573769094
1.044322727272727	0.2491187234513066
1.045021818181818	0.2494558502398558
1.045720909090909	0.2497929412527045
1.04642	0.25013
1.047119090909091	0.2504670326060178
1.047818181818182	0.2508040556515441
1.048517272727273	0.2511410883314931
1.049216363636364	0.251478149840779
1.049915454545455	0.2518152593743158
1.050614545454545	0.2521524361270178
1.051313636363636	0.2524896992937991
1.052012727272727	0.2528270680695738
1.052711818181818	0.253164561649256
1.053410909090909	0.2535021992277601
1.05411	0.25384
1.054878	0.2542112914275392
1.055646	0.2545827252776563
1.056414	0.2549542238562563
1.057182	0.2553257094692442
1.05795	0.2556971044225251
1.058717999999999	0.2560683310220039
1.059485999999999	0.2564393115735857
1.060253999999999	0.2568099683831756
1.061021999999999	0.2571802237566785
1.06179	0.25755
1.062489090909091	0.257886146625988
1.063188181818182	0.2582219580640955
1.063887272727273	0.2585575605109744
1.064586363636364	0.2588930801632766
1.065285454545455	0.2592286432176538
1.065984545454546	0.2595643758707581
1.066683636363637	0.2599004043192412
1.067382727272727	0.2602368547597551
1.068081818181818	0.2605738533889516
1.068780909090909	0.2609115264034827
1.06948	0.26125
1.070248	0.2616228128449723
1.071016	0.2619963292660273
1.071784	0.2623701343517196
1.072552	0.2627438131906038
1.073319999999999	0.2631169508712347
1.074087999999999	0.2634891324821667
1.074855999999999	0.2638599431119545
1.075623999999999	0.2642289678491528
1.076391999999999	0.2645957917823163
1.07716	0.26496
1.077859090909091	0.2652891299931672
1.078558181818182	0.2656167837401958
1.079257272727273	0.2659439961720723
1.079956363636364	0.2662718022197834
1.080655454545455	0.2666012368143156
1.081354545454545	0.2669333348866555
1.082053636363636	0.2672691313677896
1.082752727272727	0.2676096611887046
1.083451818181818	0.2679559592803869
1.084150909090909	0.2683090605738232
1.08485	0.26867
1.085618	0.2690764282306314
1.086386	0.2694928003276946
1.087154	0.2699183516553917
1.087922	0.270352317577925
1.08869	0.2707939334594964
1.089458	0.2712424346643081
1.090225999999999	0.2716970565565621
1.090993999999999	0.2721570345004606
1.091761999999999	0.2726216038602057
1.09253	0.27309
1.093229090909091	0.2735191022567568
1.093928181818182	0.2739504705517768
1.094627272727273	0.2743838336309461
1.095326363636364	0.2748189202401507
1.096025454545455	0.2752554591252767
1.096724545454546	0.2756931790322101
1.097423636363636	0.2761318087068369
1.098122727272727	0.2765710768950433
1.098821818181818	0.2770107123427153
1.099520909090909	0.2774504437957389
1.10022	0.27789
1.100988	0.2783724281149947
1.101756	0.2788543777762751
1.102524	0.2793359093944012
1.103292	0.2798170833799329
1.10406	0.2802979601434302
1.104828000000001	0.2807786000954532
1.105596000000001	0.2812590636465617
1.106364000000001	0.2817394112073158
1.107132000000001	0.2822197031882754
1.1079	0.2827
1.108599090909091	0.2831372475142204
1.109298181818182	0.2835745368333095
1.109997272727273	0.2840118557031813
1.110696363636364	0.2844491918697497
1.111395454545455	0.2848865330789285
1.112094545454546	0.2853238670766318
1.112793636363637	0.2857611816087733
1.113492727272728	0.286198464421267
1.114191818181818	0.2866357032600267
1.114890909090909	0.2870728858709665
1.11559	0.28751
1.116358	0.2879901127494955
1.117126	0.2884701478026744
1.117894	0.288950124899864
1.118662	0.2894300637813919
1.119429999999999	0.2899099841875855
1.120197999999999	0.2903899058587722
1.120965999999999	0.2908698485352795
1.121733999999999	0.2913498319574347
1.122501999999999	0.2918298758655656
1.12327	0.29231
1.123969090909091	0.2927471265016652
1.124668181818182	0.2931843224388648
1.125367272727273	0.2936215744147944
1.126066363636364	0.2940588690326497
1.126765454545455	0.2944961928956265
1.127464545454546	0.2949335326069205
1.128163636363636	0.2953708747697275
1.128862727272727	0.2958082059872433
1.129561818181818	0.2962455128626635
1.130260909090909	0.2966827819991839
1.13096	0.29712
1.131659090909091	0.2975571593348996
1.132358181818182	0.2979942759400366
1.133057272727273	0.2984313716181569
1.133756363636364	0.2988684681720059
1.134455454545455	0.2993055874043296
1.135154545454546	0.2997427511178736
1.135853636363636	0.3001799811153837
1.136552727272727	0.3006172991996057
1.137251818181818	0.3010547271732853
1.137950909090909	0.3014922868391682
1.13865	0.30193
1.139418	0.3024110463506007
1.140186	0.302892243753105
1.140954	0.3033735317004988
1.141722	0.3038548496857684
1.14249	0.3043361372018999
1.143258000000001	0.3048173337418795
1.144026000000001	0.3052983787986931
1.144794000000001	0.3057792118653271
1.145562000000001	0.3062597724347675
1.14633	0.30674
1.147029090909091	0.3071768158290894
1.147728181818182	0.3076133645010277
1.148427272727273	0.3080497049220168
1.149126363636364	0.3084858959982589
1.149825454545455	0.3089219966359557
1.150524545454546	0.3093580657413094
1.151223636363637	0.309794162220522
1.151922727272727	0.3102303449797953
1.152621818181818	0.3106666729253315
1.153320909090909	0.3111032049633324
1.15402	0.31154
1.154788	0.3120202004319704
1.155556	0.3125007318626336
1.156324	0.3129815367981487
1.157092	0.3134625577446752
1.157859999999999	0.3139437372083725
1.158627999999999	0.3144250176954
1.159395999999999	0.3149063417119171
1.160163999999999	0.315387651764083
1.160931999999999	0.3158688903580573
1.1617	0.31635
1.162399090909091	0.3167877906377456
1.163098181818182	0.3172254395131958
1.163797272727273	0.3176629593530841
1.164496363636364	0.3181003628841443
1.165195454545455	0.3185376628331099
1.165894545454546	0.3189748719267145
1.166593636363636	0.3194120028916919
1.167292727272727	0.3198490684547755
1.167991818181818	0.3202860813426989
1.168690909090909	0.320723054282196
1.16939	0.32116
1.170158	0.3216399970558729
1.170926	0.3221199815677664
1.171694	0.3225999584850168
1.172462	0.3230799327569602
1.17323	0.3235599093329328
1.173998000000001	0.3240398931622709
1.174766000000001	0.3245198891943105
1.175534000000001	0.3249999023783878
1.176302000000001	0.3254799376638391
1.17707	0.32596
1.177769090909091	0.3263970166614445
1.178468181818182	0.3268340660126065
1.179167272727273	0.3272711542279685
1.179866363636364	0.3277082874820136
1.180565454545455	0.3281454719492243
1.181264545454546	0.3285827138040834
1.181963636363637	0.3290200192210735
1.182662727272727	0.3294573943746776
1.183361818181818	0.3298948454393782
1.184060909090909	0.3303323785896581
1.18476	0.33077
1.185528	0.3312508615088122
1.186296	0.3317318142974383
1.187064	0.3322128356768807
1.187832	0.3326939029581413
1.1886	0.3331749934522221
1.189368	0.3336560844701251
1.190135999999999	0.3341371533228523
1.190903999999999	0.3346181773214058
1.191671999999999	0.3350991337767875
1.19244	0.33558
1.193139090909091	0.3360176265337368
1.193838181818182	0.3364551652023004
1.194537272727273	0.3368926217069843
1.195236363636364	0.3373300017490818
1.195935454545455	0.3377673110298865
1.196634545454546	0.3382045552506918
1.197333636363636	0.3386417401127914
1.198032727272727	0.3390788713174784
1.198731818181818	0.3395159545660466
1.199430909090909	0.3399529955597894
1.20013	0.34039
1.200898	0.3408700444165285
1.201666	0.3413500590617414
1.202434	0.3418300513985048
1.203202	0.3423100288896845
1.20397	0.3427899989981467
1.204738000000001	0.3432699691867571
1.205506000000001	0.3437499469183817
1.206274000000001	0.3442299396558866
1.207042000000001	0.3447099548621375
1.20781	0.34519
1.208509090909091	0.3456270052241243
1.209208181818182	0.3460640470622013
1.209907272727273	0.3465011311431231
1.210606363636364	0.3469382630957824
1.211305454545455	0.3473754485490712
1.212004545454546	0.3478126931318821
1.212703636363637	0.3482500024731074
1.213402727272727	0.3486873822016395
1.214101818181818	0.3491248379463708
1.214800909090909	0.3495623753361935
1.2155	0.35
