0.18788
0.19544
0.203
0.21056
0.21812
0.22568
0.23324
0.2408
0.24836
0.25592
0.26348
0.27104
0.2786
0.28616
0.29372
0.30129
0.30885
0.31641
0.32397
0.33153
0.33909
0.34665
0.35421
0.36177
0.36933
0.37689
0.38445
0.39201
0.39957
0.40713
0.41469
0.42225
0.42981
0.43737
0.44493
0.45249
0.46005
0.46761
0.47517
0.48273
0.49029
0.49785
0.50541
0.51297
0.52053
0.5281
0.53566
0.54322
0.55078
0.55834
0.5659
0.57346
0.58102
0.58858
0.59614
0.6037
0.61126
0.61882
0.62638
0.63394
0.6415
0.64906
0.65662
0.66418
0.67174
0.6793
0.68686
0.69442
0.70198
0.70954
0.7171
0.72466
0.73222
0.73978
0.74734
0.75491
0.76247
0.77003
0.77759
0.78515
0.79271
0.80027
0.80783
0.81539
0.82295
0.83051
0.83807
0.84563
0.85319
0.86075
0.86831
0.87587
0.88343
0.89099
0.89855
0.90611
0.91367
0.92123
0.92879
0.93635
0.94391
0.95147
0.95903
0.96659
0.97415
0.98172
0.98928
0.99684
1.0044
1.01196
1.01952
1.02708
1.03464
1.0422
1.04976
1.05732
1.06488
1.07244
1.08
1.08756
